# proj020 pfb4: sinc x kaiser(beta=8.0), bw=1.0, L=16384, sum h^2 = 4096, Q16 18 bit signed. 生成: model/pfb4.py gen。手で直さない
0
0
0
0
0
0
0
0
0
0
0
0
0
0
0
0
0
0
0
0
0
-1
-1
-1
-1
-1
-1
-1
-1
-1
-1
-1
-1
-1
-1
-1
-1
-1
-1
-1
-1
-1
-1
-1
-1
-1
-1
-1
-1
-1
-1
-1
-1
-1
-1
-1
-2
-2
-2
-2
-2
-2
-2
-2
-2
-2
-2
-2
-2
-2
-2
-2
-2
-2
-2
-2
-2
-2
-2
-2
-2
-2
-2
-2
-2
-3
-3
-3
-3
-3
-3
-3
-3
-3
-3
-3
-3
-3
-3
-3
-3
-3
-3
-3
-3
-3
-3
-3
-3
-4
-4
-4
-4
-4
-4
-4
-4
-4
-4
-4
-4
-4
-4
-4
-4
-4
-4
-4
-4
-4
-4
-5
-5
-5
-5
-5
-5
-5
-5
-5
-5
-5
-5
-5
-5
-5
-5
-5
-5
-5
-6
-6
-6
-6
-6
-6
-6
-6
-6
-6
-6
-6
-6
-6
-6
-6
-6
-6
-7
-7
-7
-7
-7
-7
-7
-7
-7
-7
-7
-7
-7
-7
-7
-7
-7
-8
-8
-8
-8
-8
-8
-8
-8
-8
-8
-8
-8
-8
-8
-8
-9
-9
-9
-9
-9
-9
-9
-9
-9
-9
-9
-9
-9
-9
-10
-10
-10
-10
-10
-10
-10
-10
-10
-10
-10
-10
-10
-10
-11
-11
-11
-11
-11
-11
-11
-11
-11
-11
-11
-11
-11
-12
-12
-12
-12
-12
-12
-12
-12
-12
-12
-12
-12
-13
-13
-13
-13
-13
-13
-13
-13
-13
-13
-13
-13
-14
-14
-14
-14
-14
-14
-14
-14
-14
-14
-14
-15
-15
-15
-15
-15
-15
-15
-15
-15
-15
-15
-16
-16
-16
-16
-16
-16
-16
-16
-16
-16
-17
-17
-17
-17
-17
-17
-17
-17
-17
-17
-18
-18
-18
-18
-18
-18
-18
-18
-18
-18
-19
-19
-19
-19
-19
-19
-19
-19
-19
-20
-20
-20
-20
-20
-20
-20
-20
-20
-21
-21
-21
-21
-21
-21
-21
-21
-21
-22
-22
-22
-22
-22
-22
-22
-22
-23
-23
-23
-23
-23
-23
-23
-23
-24
-24
-24
-24
-24
-24
-24
-24
-25
-25
-25
-25
-25
-25
-25
-25
-26
-26
-26
-26
-26
-26
-26
-26
-27
-27
-27
-27
-27
-27
-27
-28
-28
-28
-28
-28
-28
-28
-28
-29
-29
-29
-29
-29
-29
-29
-30
-30
-30
-30
-30
-30
-30
-31
-31
-31
-31
-31
-31
-31
-32
-32
-32
-32
-32
-32
-32
-33
-33
-33
-33
-33
-33
-34
-34
-34
-34
-34
-34
-34
-35
-35
-35
-35
-35
-35
-36
-36
-36
-36
-36
-36
-37
-37
-37
-37
-37
-37
-38
-38
-38
-38
-38
-38
-39
-39
-39
-39
-39
-39
-40
-40
-40
-40
-40
-40
-41
-41
-41
-41
-41
-41
-42
-42
-42
-42
-42
-43
-43
-43
-43
-43
-43
-44
-44
-44
-44
-44
-45
-45
-45
-45
-45
-45
-46
-46
-46
-46
-46
-47
-47
-47
-47
-47
-48
-48
-48
-48
-48
-49
-49
-49
-49
-49
-50
-50
-50
-50
-50
-51
-51
-51
-51
-51
-52
-52
-52
-52
-52
-53
-53
-53
-53
-53
-54
-54
-54
-54
-54
-55
-55
-55
-55
-55
-56
-56
-56
-56
-57
-57
-57
-57
-57
-58
-58
-58
-58
-59
-59
-59
-59
-59
-60
-60
-60
-60
-61
-61
-61
-61
-61
-62
-62
-62
-62
-63
-63
-63
-63
-64
-64
-64
-64
-64
-65
-65
-65
-65
-66
-66
-66
-66
-67
-67
-67
-67
-68
-68
-68
-68
-69
-69
-69
-69
-70
-70
-70
-70
-71
-71
-71
-71
-72
-72
-72
-72
-73
-73
-73
-73
-74
-74
-74
-74
-75
-75
-75
-75
-76
-76
-76
-76
-77
-77
-77
-78
-78
-78
-78
-79
-79
-79
-79
-80
-80
-80
-81
-81
-81
-81
-82
-82
-82
-82
-83
-83
-83
-84
-84
-84
-84
-85
-85
-85
-86
-86
-86
-86
-87
-87
-87
-88
-88
-88
-88
-89
-89
-89
-90
-90
-90
-90
-91
-91
-91
-92
-92
-92
-93
-93
-93
-93
-94
-94
-94
-95
-95
-95
-96
-96
-96
-97
-97
-97
-97
-98
-98
-98
-99
-99
-99
-100
-100
-100
-101
-101
-101
-102
-102
-102
-103
-103
-103
-104
-104
-104
-104
-105
-105
-105
-106
-106
-106
-107
-107
-107
-108
-108
-108
-109
-109
-109
-110
-110
-110
-111
-111
-112
-112
-112
-113
-113
-113
-114
-114
-114
-115
-115
-115
-116
-116
-116
-117
-117
-117
-118
-118
-118
-119
-119
-120
-120
-120
-121
-121
-121
-122
-122
-122
-123
-123
-124
-124
-124
-125
-125
-125
-126
-126
-126
-127
-127
-128
-128
-128
-129
-129
-129
-130
-130
-131
-131
-131
-132
-132
-133
-133
-133
-134
-134
-134
-135
-135
-136
-136
-136
-137
-137
-138
-138
-138
-139
-139
-140
-140
-140
-141
-141
-142
-142
-142
-143
-143
-144
-144
-144
-145
-145
-146
-146
-146
-147
-147
-148
-148
-148
-149
-149
-150
-150
-151
-151
-151
-152
-152
-153
-153
-154
-154
-154
-155
-155
-156
-156
-157
-157
-157
-158
-158
-159
-159
-160
-160
-160
-161
-161
-162
-162
-163
-163
-163
-164
-164
-165
-165
-166
-166
-167
-167
-168
-168
-168
-169
-169
-170
-170
-171
-171
-172
-172
-173
-173
-173
-174
-174
-175
-175
-176
-176
-177
-177
-178
-178
-179
-179
-179
-180
-180
-181
-181
-182
-182
-183
-183
-184
-184
-185
-185
-186
-186
-187
-187
-188
-188
-189
-189
-190
-190
-191
-191
-192
-192
-193
-193
-194
-194
-195
-195
-196
-196
-197
-197
-198
-198
-199
-199
-200
-200
-201
-201
-202
-202
-203
-203
-204
-204
-205
-205
-206
-206
-207
-207
-208
-208
-209
-209
-210
-210
-211
-211
-212
-212
-213
-214
-214
-215
-215
-216
-216
-217
-217
-218
-218
-219
-219
-220
-220
-221
-222
-222
-223
-223
-224
-224
-225
-225
-226
-226
-227
-228
-228
-229
-229
-230
-230
-231
-231
-232
-233
-233
-234
-234
-235
-235
-236
-237
-237
-238
-238
-239
-239
-240
-241
-241
-242
-242
-243
-243
-244
-245
-245
-246
-246
-247
-248
-248
-249
-249
-250
-250
-251
-252
-252
-253
-253
-254
-255
-255
-256
-256
-257
-258
-258
-259
-259
-260
-261
-261
-262
-262
-263
-264
-264
-265
-265
-266
-267
-267
-268
-269
-269
-270
-270
-271
-272
-272
-273
-274
-274
-275
-275
-276
-277
-277
-278
-279
-279
-280
-280
-281
-282
-282
-283
-284
-284
-285
-286
-286
-287
-288
-288
-289
-289
-290
-291
-291
-292
-293
-293
-294
-295
-295
-296
-297
-297
-298
-299
-299
-300
-301
-301
-302
-303
-303
-304
-305
-305
-306
-307
-307
-308
-309
-309
-310
-311
-311
-312
-313
-314
-314
-315
-316
-316
-317
-318
-318
-319
-320
-320
-321
-322
-322
-323
-324
-325
-325
-326
-327
-327
-328
-329
-330
-330
-331
-332
-332
-333
-334
-334
-335
-336
-337
-337
-338
-339
-340
-340
-341
-342
-342
-343
-344
-345
-345
-346
-347
-348
-348
-349
-350
-350
-351
-352
-353
-353
-354
-355
-356
-356
-357
-358
-359
-359
-360
-361
-362
-362
-363
-364
-365
-365
-366
-367
-368
-368
-369
-370
-371
-371
-372
-373
-374
-375
-375
-376
-377
-378
-378
-379
-380
-381
-382
-382
-383
-384
-385
-385
-386
-387
-388
-389
-389
-390
-391
-392
-393
-393
-394
-395
-396
-396
-397
-398
-399
-400
-400
-401
-402
-403
-404
-405
-405
-406
-407
-408
-409
-409
-410
-411
-412
-413
-413
-414
-415
-416
-417
-418
-418
-419
-420
-421
-422
-423
-423
-424
-425
-426
-427
-428
-428
-429
-430
-431
-432
-433
-433
-434
-435
-436
-437
-438
-439
-439
-440
-441
-442
-443
-444
-445
-445
-446
-447
-448
-449
-450
-451
-451
-452
-453
-454
-455
-456
-457
-458
-458
-459
-460
-461
-462
-463
-464
-465
-465
-466
-467
-468
-469
-470
-471
-472
-473
-473
-474
-475
-476
-477
-478
-479
-480
-481
-482
-482
-483
-484
-485
-486
-487
-488
-489
-490
-491
-492
-492
-493
-494
-495
-496
-497
-498
-499
-500
-501
-502
-503
-504
-504
-505
-506
-507
-508
-509
-510
-511
-512
-513
-514
-515
-516
-517
-518
-518
-519
-520
-521
-522
-523
-524
-525
-526
-527
-528
-529
-530
-531
-532
-533
-534
-535
-536
-537
-538
-539
-540
-541
-542
-542
-543
-544
-545
-546
-547
-548
-549
-550
-551
-552
-553
-554
-555
-556
-557
-558
-559
-560
-561
-562
-563
-564
-565
-566
-567
-568
-569
-570
-571
-572
-573
-574
-575
-576
-577
-578
-579
-580
-581
-582
-583
-584
-585
-586
-587
-588
-589
-590
-591
-592
-593
-594
-596
-597
-598
-599
-600
-601
-602
-603
-604
-605
-606
-607
-608
-609
-610
-611
-612
-613
-614
-615
-616
-617
-618
-619
-621
-622
-623
-624
-625
-626
-627
-628
-629
-630
-631
-632
-633
-634
-635
-636
-638
-639
-640
-641
-642
-643
-644
-645
-646
-647
-648
-649
-650
-652
-653
-654
-655
-656
-657
-658
-659
-660
-661
-662
-664
-665
-666
-667
-668
-669
-670
-671
-672
-673
-675
-676
-677
-678
-679
-680
-681
-682
-683
-685
-686
-687
-688
-689
-690
-691
-692
-694
-695
-696
-697
-698
-699
-700
-701
-703
-704
-705
-706
-707
-708
-709
-711
-712
-713
-714
-715
-716
-717
-719
-720
-721
-722
-723
-724
-726
-727
-728
-729
-730
-731
-732
-734
-735
-736
-737
-738
-739
-741
-742
-743
-744
-745
-746
-748
-749
-750
-751
-752
-754
-755
-756
-757
-758
-759
-761
-762
-763
-764
-765
-767
-768
-769
-770
-771
-773
-774
-775
-776
-777
-779
-780
-781
-782
-783
-785
-786
-787
-788
-789
-791
-792
-793
-794
-796
-797
-798
-799
-800
-802
-803
-804
-805
-806
-808
-809
-810
-811
-813
-814
-815
-816
-818
-819
-820
-821
-823
-824
-825
-826
-827
-829
-830
-831
-832
-834
-835
-836
-837
-839
-840
-841
-842
-844
-845
-846
-847
-849
-850
-851
-853
-854
-855
-856
-858
-859
-860
-861
-863
-864
-865
-866
-868
-869
-870
-872
-873
-874
-875
-877
-878
-879
-881
-882
-883
-884
-886
-887
-888
-890
-891
-892
-893
-895
-896
-897
-899
-900
-901
-903
-904
-905
-906
-908
-909
-910
-912
-913
-914
-916
-917
-918
-920
-921
-922
-923
-925
-926
-927
-929
-930
-931
-933
-934
-935
-937
-938
-939
-941
-942
-943
-945
-946
-947
-949
-950
-951
-953
-954
-955
-957
-958
-959
-961
-962
-963
-965
-966
-967
-969
-970
-971
-973
-974
-975
-977
-978
-980
-981
-982
-984
-985
-986
-988
-989
-990
-992
-993
-995
-996
-997
-999
-1000
-1001
-1003
-1004
-1005
-1007
-1008
-1010
-1011
-1012
-1014
-1015
-1016
-1018
-1019
-1021
-1022
-1023
-1025
-1026
-1028
-1029
-1030
-1032
-1033
-1034
-1036
-1037
-1039
-1040
-1041
-1043
-1044
-1046
-1047
-1048
-1050
-1051
-1053
-1054
-1055
-1057
-1058
-1060
-1061
-1062
-1064
-1065
-1067
-1068
-1070
-1071
-1072
-1074
-1075
-1077
-1078
-1079
-1081
-1082
-1084
-1085
-1087
-1088
-1089
-1091
-1092
-1094
-1095
-1097
-1098
-1099
-1101
-1102
-1104
-1105
-1107
-1108
-1109
-1111
-1112
-1114
-1115
-1117
-1118
-1119
-1121
-1122
-1124
-1125
-1127
-1128
-1130
-1131
-1132
-1134
-1135
-1137
-1138
-1140
-1141
-1143
-1144
-1146
-1147
-1148
-1150
-1151
-1153
-1154
-1156
-1157
-1159
-1160
-1162
-1163
-1165
-1166
-1167
-1169
-1170
-1172
-1173
-1175
-1176
-1178
-1179
-1181
-1182
-1184
-1185
-1187
-1188
-1190
-1191
-1192
-1194
-1195
-1197
-1198
-1200
-1201
-1203
-1204
-1206
-1207
-1209
-1210
-1212
-1213
-1215
-1216
-1218
-1219
-1221
-1222
-1224
-1225
-1227
-1228
-1230
-1231
-1233
-1234
-1236
-1237
-1239
-1240
-1242
-1243
-1245
-1246
-1248
-1249
-1251
-1252
-1254
-1255
-1257
-1258
-1260
-1261
-1263
-1264
-1266
-1267
-1269
-1270
-1272
-1273
-1275
-1276
-1278
-1279
-1281
-1282
-1284
-1286
-1287
-1289
-1290
-1292
-1293
-1295
-1296
-1298
-1299
-1301
-1302
-1304
-1305
-1307
-1308
-1310
-1311
-1313
-1315
-1316
-1318
-1319
-1321
-1322
-1324
-1325
-1327
-1328
-1330
-1331
-1333
-1335
-1336
-1338
-1339
-1341
-1342
-1344
-1345
-1347
-1348
-1350
-1352
-1353
-1355
-1356
-1358
-1359
-1361
-1362
-1364
-1365
-1367
-1369
-1370
-1372
-1373
-1375
-1376
-1378
-1379
-1381
-1383
-1384
-1386
-1387
-1389
-1390
-1392
-1393
-1395
-1397
-1398
-1400
-1401
-1403
-1404
-1406
-1408
-1409
-1411
-1412
-1414
-1415
-1417
-1418
-1420
-1422
-1423
-1425
-1426
-1428
-1429
-1431
-1433
-1434
-1436
-1437
-1439
-1440
-1442
-1444
-1445
-1447
-1448
-1450
-1452
-1453
-1455
-1456
-1458
-1459
-1461
-1463
-1464
-1466
-1467
-1469
-1470
-1472
-1474
-1475
-1477
-1478
-1480
-1482
-1483
-1485
-1486
-1488
-1489
-1491
-1493
-1494
-1496
-1497
-1499
-1501
-1502
-1504
-1505
-1507
-1509
-1510
-1512
-1513
-1515
-1517
-1518
-1520
-1521
-1523
-1524
-1526
-1528
-1529
-1531
-1532
-1534
-1536
-1537
-1539
-1540
-1542
-1544
-1545
-1547
-1548
-1550
-1552
-1553
-1555
-1556
-1558
-1560
-1561
-1563
-1564
-1566
-1568
-1569
-1571
-1572
-1574
-1576
-1577
-1579
-1580
-1582
-1584
-1585
-1587
-1588
-1590
-1592
-1593
-1595
-1596
-1598
-1600
-1601
-1603
-1605
-1606
-1608
-1609
-1611
-1613
-1614
-1616
-1617
-1619
-1621
-1622
-1624
-1625
-1627
-1629
-1630
-1632
-1633
-1635
-1637
-1638
-1640
-1642
-1643
-1645
-1646
-1648
-1650
-1651
-1653
-1654
-1656
-1658
-1659
-1661
-1662
-1664
-1666
-1667
-1669
-1671
-1672
-1674
-1675
-1677
-1679
-1680
-1682
-1683
-1685
-1687
-1688
-1690
-1692
-1693
-1695
-1696
-1698
-1700
-1701
-1703
-1704
-1706
-1708
-1709
-1711
-1712
-1714
-1716
-1717
-1719
-1721
-1722
-1724
-1725
-1727
-1729
-1730
-1732
-1733
-1735
-1737
-1738
-1740
-1742
-1743
-1745
-1746
-1748
-1750
-1751
-1753
-1754
-1756
-1758
-1759
-1761
-1762
-1764
-1766
-1767
-1769
-1771
-1772
-1774
-1775
-1777
-1779
-1780
-1782
-1783
-1785
-1787
-1788
-1790
-1791
-1793
-1795
-1796
-1798
-1800
-1801
-1803
-1804
-1806
-1808
-1809
-1811
-1812
-1814
-1816
-1817
-1819
-1820
-1822
-1824
-1825
-1827
-1828
-1830
-1832
-1833
-1835
-1836
-1838
-1840
-1841
-1843
-1845
-1846
-1848
-1849
-1851
-1853
-1854
-1856
-1857
-1859
-1861
-1862
-1864
-1865
-1867
-1869
-1870
-1872
-1873
-1875
-1877
-1878
-1880
-1881
-1883
-1885
-1886
-1888
-1889
-1891
-1892
-1894
-1896
-1897
-1899
-1900
-1902
-1904
-1905
-1907
-1908
-1910
-1912
-1913
-1915
-1916
-1918
-1920
-1921
-1923
-1924
-1926
-1927
-1929
-1931
-1932
-1934
-1935
-1937
-1939
-1940
-1942
-1943
-1945
-1946
-1948
-1950
-1951
-1953
-1954
-1956
-1958
-1959
-1961
-1962
-1964
-1965
-1967
-1969
-1970
-1972
-1973
-1975
-1976
-1978
-1980
-1981
-1983
-1984
-1986
-1987
-1989
-1991
-1992
-1994
-1995
-1997
-1998
-2000
-2002
-2003
-2005
-2006
-2008
-2009
-2011
-2012
-2014
-2016
-2017
-2019
-2020
-2022
-2023
-2025
-2026
-2028
-2030
-2031
-2033
-2034
-2036
-2037
-2039
-2040
-2042
-2043
-2045
-2047
-2048
-2050
-2051
-2053
-2054
-2056
-2057
-2059
-2060
-2062
-2064
-2065
-2067
-2068
-2070
-2071
-2073
-2074
-2076
-2077
-2079
-2080
-2082
-2083
-2085
-2086
-2088
-2090
-2091
-2093
-2094
-2096
-2097
-2099
-2100
-2102
-2103
-2105
-2106
-2108
-2109
-2111
-2112
-2114
-2115
-2117
-2118
-2120
-2121
-2123
-2124
-2126
-2127
-2129
-2130
-2132
-2133
-2135
-2136
-2138
-2139
-2141
-2142
-2144
-2145
-2147
-2148
-2150
-2151
-2153
-2154
-2156
-2157
-2159
-2160
-2162
-2163
-2165
-2166
-2168
-2169
-2170
-2172
-2173
-2175
-2176
-2178
-2179
-2181
-2182
-2184
-2185
-2187
-2188
-2190
-2191
-2192
-2194
-2195
-2197
-2198
-2200
-2201
-2203
-2204
-2206
-2207
-2208
-2210
-2211
-2213
-2214
-2216
-2217
-2218
-2220
-2221
-2223
-2224
-2226
-2227
-2229
-2230
-2231
-2233
-2234
-2236
-2237
-2239
-2240
-2241
-2243
-2244
-2246
-2247
-2248
-2250
-2251
-2253
-2254
-2255
-2257
-2258
-2260
-2261
-2262
-2264
-2265
-2267
-2268
-2269
-2271
-2272
-2274
-2275
-2276
-2278
-2279
-2281
-2282
-2283
-2285
-2286
-2287
-2289
-2290
-2292
-2293
-2294
-2296
-2297
-2298
-2300
-2301
-2302
-2304
-2305
-2307
-2308
-2309
-2311
-2312
-2313
-2315
-2316
-2317
-2319
-2320
-2321
-2323
-2324
-2325
-2327
-2328
-2329
-2331
-2332
-2333
-2335
-2336
-2337
-2339
-2340
-2341
-2343
-2344
-2345
-2347
-2348
-2349
-2350
-2352
-2353
-2354
-2356
-2357
-2358
-2360
-2361
-2362
-2363
-2365
-2366
-2367
-2369
-2370
-2371
-2372
-2374
-2375
-2376
-2377
-2379
-2380
-2381
-2383
-2384
-2385
-2386
-2388
-2389
-2390
-2391
-2393
-2394
-2395
-2396
-2398
-2399
-2400
-2401
-2402
-2404
-2405
-2406
-2407
-2409
-2410
-2411
-2412
-2414
-2415
-2416
-2417
-2418
-2420
-2421
-2422
-2423
-2424
-2426
-2427
-2428
-2429
-2430
-2432
-2433
-2434
-2435
-2436
-2438
-2439
-2440
-2441
-2442
-2443
-2445
-2446
-2447
-2448
-2449
-2450
-2452
-2453
-2454
-2455
-2456
-2457
-2458
-2460
-2461
-2462
-2463
-2464
-2465
-2466
-2468
-2469
-2470
-2471
-2472
-2473
-2474
-2475
-2476
-2478
-2479
-2480
-2481
-2482
-2483
-2484
-2485
-2486
-2487
-2489
-2490
-2491
-2492
-2493
-2494
-2495
-2496
-2497
-2498
-2499
-2500
-2501
-2503
-2504
-2505
-2506
-2507
-2508
-2509
-2510
-2511
-2512
-2513
-2514
-2515
-2516
-2517
-2518
-2519
-2520
-2521
-2522
-2523
-2524
-2525
-2526
-2527
-2528
-2529
-2530
-2531
-2532
-2533
-2534
-2535
-2536
-2537
-2538
-2539
-2540
-2541
-2542
-2543
-2544
-2545
-2546
-2547
-2548
-2549
-2550
-2551
-2552
-2552
-2553
-2554
-2555
-2556
-2557
-2558
-2559
-2560
-2561
-2562
-2563
-2564
-2564
-2565
-2566
-2567
-2568
-2569
-2570
-2571
-2572
-2573
-2573
-2574
-2575
-2576
-2577
-2578
-2579
-2579
-2580
-2581
-2582
-2583
-2584
-2585
-2585
-2586
-2587
-2588
-2589
-2590
-2590
-2591
-2592
-2593
-2594
-2595
-2595
-2596
-2597
-2598
-2599
-2599
-2600
-2601
-2602
-2603
-2603
-2604
-2605
-2606
-2606
-2607
-2608
-2609
-2609
-2610
-2611
-2612
-2612
-2613
-2614
-2615
-2615
-2616
-2617
-2618
-2618
-2619
-2620
-2620
-2621
-2622
-2623
-2623
-2624
-2625
-2625
-2626
-2627
-2627
-2628
-2629
-2630
-2630
-2631
-2632
-2632
-2633
-2634
-2634
-2635
-2635
-2636
-2637
-2637
-2638
-2639
-2639
-2640
-2641
-2641
-2642
-2642
-2643
-2644
-2644
-2645
-2645
-2646
-2647
-2647
-2648
-2648
-2649
-2649
-2650
-2651
-2651
-2652
-2652
-2653
-2653
-2654
-2655
-2655
-2656
-2656
-2657
-2657
-2658
-2658
-2659
-2659
-2660
-2660
-2661
-2661
-2662
-2662
-2663
-2663
-2664
-2664
-2665
-2665
-2666
-2666
-2667
-2667
-2668
-2668
-2668
-2669
-2669
-2670
-2670
-2671
-2671
-2671
-2672
-2672
-2673
-2673
-2674
-2674
-2674
-2675
-2675
-2676
-2676
-2676
-2677
-2677
-2677
-2678
-2678
-2679
-2679
-2679
-2680
-2680
-2680
-2681
-2681
-2681
-2682
-2682
-2682
-2683
-2683
-2683
-2684
-2684
-2684
-2684
-2685
-2685
-2685
-2686
-2686
-2686
-2686
-2687
-2687
-2687
-2687
-2688
-2688
-2688
-2688
-2689
-2689
-2689
-2689
-2690
-2690
-2690
-2690
-2690
-2691
-2691
-2691
-2691
-2691
-2692
-2692
-2692
-2692
-2692
-2692
-2693
-2693
-2693
-2693
-2693
-2693
-2693
-2694
-2694
-2694
-2694
-2694
-2694
-2694
-2694
-2694
-2694
-2695
-2695
-2695
-2695
-2695
-2695
-2695
-2695
-2695
-2695
-2695
-2695
-2695
-2695
-2695
-2695
-2695
-2695
-2695
-2695
-2695
-2695
-2695
-2695
-2695
-2695
-2695
-2695
-2695
-2695
-2695
-2695
-2695
-2695
-2695
-2695
-2695
-2695
-2695
-2695
-2695
-2695
-2695
-2694
-2694
-2694
-2694
-2694
-2694
-2694
-2694
-2694
-2693
-2693
-2693
-2693
-2693
-2693
-2693
-2692
-2692
-2692
-2692
-2692
-2692
-2691
-2691
-2691
-2691
-2691
-2690
-2690
-2690
-2690
-2689
-2689
-2689
-2689
-2688
-2688
-2688
-2688
-2687
-2687
-2687
-2687
-2686
-2686
-2686
-2685
-2685
-2685
-2684
-2684
-2684
-2684
-2683
-2683
-2682
-2682
-2682
-2681
-2681
-2681
-2680
-2680
-2680
-2679
-2679
-2678
-2678
-2678
-2677
-2677
-2676
-2676
-2676
-2675
-2675
-2674
-2674
-2673
-2673
-2672
-2672
-2671
-2671
-2671
-2670
-2670
-2669
-2669
-2668
-2668
-2667
-2666
-2666
-2665
-2665
-2664
-2664
-2663
-2663
-2662
-2662
-2661
-2660
-2660
-2659
-2659
-2658
-2657
-2657
-2656
-2656
-2655
-2654
-2654
-2653
-2653
-2652
-2651
-2651
-2650
-2649
-2649
-2648
-2647
-2647
-2646
-2645
-2644
-2644
-2643
-2642
-2642
-2641
-2640
-2639
-2639
-2638
-2637
-2636
-2636
-2635
-2634
-2633
-2632
-2632
-2631
-2630
-2629
-2628
-2628
-2627
-2626
-2625
-2624
-2623
-2623
-2622
-2621
-2620
-2619
-2618
-2617
-2616
-2616
-2615
-2614
-2613
-2612
-2611
-2610
-2609
-2608
-2607
-2606
-2605
-2604
-2603
-2602
-2602
-2601
-2600
-2599
-2598
-2597
-2596
-2595
-2593
-2592
-2591
-2590
-2589
-2588
-2587
-2586
-2585
-2584
-2583
-2582
-2581
-2580
-2579
-2577
-2576
-2575
-2574
-2573
-2572
-2571
-2570
-2568
-2567
-2566
-2565
-2564
-2563
-2561
-2560
-2559
-2558
-2557
-2555
-2554
-2553
-2552
-2550
-2549
-2548
-2547
-2545
-2544
-2543
-2542
-2540
-2539
-2538
-2536
-2535
-2534
-2532
-2531
-2530
-2528
-2527
-2526
-2524
-2523
-2522
-2520
-2519
-2518
-2516
-2515
-2513
-2512
-2510
-2509
-2508
-2506
-2505
-2503
-2502
-2500
-2499
-2497
-2496
-2494
-2493
-2491
-2490
-2488
-2487
-2485
-2484
-2482
-2481
-2479
-2478
-2476
-2475
-2473
-2471
-2470
-2468
-2467
-2465
-2463
-2462
-2460
-2459
-2457
-2455
-2454
-2452
-2450
-2449
-2447
-2445
-2444
-2442
-2440
-2439
-2437
-2435
-2433
-2432
-2430
-2428
-2426
-2425
-2423
-2421
-2419
-2418
-2416
-2414
-2412
-2410
-2409
-2407
-2405
-2403
-2401
-2399
-2397
-2396
-2394
-2392
-2390
-2388
-2386
-2384
-2382
-2381
-2379
-2377
-2375
-2373
-2371
-2369
-2367
-2365
-2363
-2361
-2359
-2357
-2355
-2353
-2351
-2349
-2347
-2345
-2343
-2341
-2339
-2337
-2335
-2333
-2330
-2328
-2326
-2324
-2322
-2320
-2318
-2316
-2314
-2311
-2309
-2307
-2305
-2303
-2301
-2298
-2296
-2294
-2292
-2290
-2287
-2285
-2283
-2281
-2278
-2276
-2274
-2272
-2269
-2267
-2265
-2263
-2260
-2258
-2256
-2253
-2251
-2249
-2246
-2244
-2242
-2239
-2237
-2234
-2232
-2230
-2227
-2225
-2222
-2220
-2218
-2215
-2213
-2210
-2208
-2205
-2203
-2200
-2198
-2195
-2193
-2190
-2188
-2185
-2183
-2180
-2178
-2175
-2173
-2170
-2167
-2165
-2162
-2160
-2157
-2154
-2152
-2149
-2147
-2144
-2141
-2139
-2136
-2133
-2131
-2128
-2125
-2123
-2120
-2117
-2114
-2112
-2109
-2106
-2103
-2101
-2098
-2095
-2092
-2090
-2087
-2084
-2081
-2078
-2075
-2073
-2070
-2067
-2064
-2061
-2058
-2055
-2053
-2050
-2047
-2044
-2041
-2038
-2035
-2032
-2029
-2026
-2023
-2020
-2017
-2014
-2011
-2008
-2005
-2002
-1999
-1996
-1993
-1990
-1987
-1984
-1981
-1978
-1975
-1972
-1969
-1966
-1962
-1959
-1956
-1953
-1950
-1947
-1944
-1940
-1937
-1934
-1931
-1928
-1924
-1921
-1918
-1915
-1911
-1908
-1905
-1902
-1898
-1895
-1892
-1888
-1885
-1882
-1879
-1875
-1872
-1869
-1865
-1862
-1858
-1855
-1852
-1848
-1845
-1841
-1838
-1835
-1831
-1828
-1824
-1821
-1817
-1814
-1810
-1807
-1803
-1800
-1796
-1793
-1789
-1786
-1782
-1779
-1775
-1772
-1768
-1764
-1761
-1757
-1754
-1750
-1746
-1743
-1739
-1735
-1732
-1728
-1724
-1721
-1717
-1713
-1710
-1706
-1702
-1698
-1695
-1691
-1687
-1683
-1679
-1676
-1672
-1668
-1664
-1660
-1657
-1653
-1649
-1645
-1641
-1637
-1633
-1630
-1626
-1622
-1618
-1614
-1610
-1606
-1602
-1598
-1594
-1590
-1586
-1582
-1578
-1574
-1570
-1566
-1562
-1558
-1554
-1550
-1546
-1542
-1538
-1534
-1530
-1525
-1521
-1517
-1513
-1509
-1505
-1501
-1496
-1492
-1488
-1484
-1480
-1475
-1471
-1467
-1463
-1458
-1454
-1450
-1446
-1441
-1437
-1433
-1428
-1424
-1420
-1415
-1411
-1407
-1402
-1398
-1394
-1389
-1385
-1380
-1376
-1372
-1367
-1363
-1358
-1354
-1349
-1345
-1340
-1336
-1331
-1327
-1322
-1318
-1313
-1309
-1304
-1300
-1295
-1290
-1286
-1281
-1277
-1272
-1267
-1263
-1258
-1253
-1249
-1244
-1239
-1235
-1230
-1225
-1220
-1216
-1211
-1206
-1201
-1197
-1192
-1187
-1182
-1178
-1173
-1168
-1163
-1158
-1153
-1148
-1144
-1139
-1134
-1129
-1124
-1119
-1114
-1109
-1104
-1099
-1094
-1089
-1084
-1079
-1074
-1069
-1064
-1059
-1054
-1049
-1044
-1039
-1034
-1029
-1024
-1019
-1014
-1009
-1003
-998
-993
-988
-983
-978
-973
-967
-962
-957
-952
-946
-941
-936
-931
-925
-920
-915
-910
-904
-899
-894
-888
-883
-878
-872
-867
-861
-856
-851
-845
-840
-834
-829
-823
-818
-813
-807
-802
-796
-791
-785
-779
-774
-768
-763
-757
-752
-746
-740
-735
-729
-724
-718
-712
-707
-701
-695
-690
-684
-678
-673
-667
-661
-655
-650
-644
-638
-632
-626
-621
-615
-609
-603
-597
-592
-586
-580
-574
-568
-562
-556
-550
-544
-538
-532
-527
-521
-515
-509
-503
-497
-491
-485
-478
-472
-466
-460
-454
-448
-442
-436
-430
-424
-418
-411
-405
-399
-393
-387
-380
-374
-368
-362
-356
-349
-343
-337
-330
-324
-318
-312
-305
-299
-293
-286
-280
-274
-267
-261
-254
-248
-241
-235
-229
-222
-216
-209
-203
-196
-190
-183
-177
-170
-164
-157
-150
-144
-137
-131
-124
-117
-111
-104
-98
-91
-84
-78
-71
-64
-57
-51
-44
-37
-31
-24
-17
-10
-3
3
10
17
24
31
38
44
51
58
65
72
79
86
93
100
107
114
121
128
135
142
149
156
163
170
177
184
191
198
205
212
220
227
234
241
248
255
263
270
277
284
291
299
306
313
321
328
335
342
350
357
364
372
379
387
394
401
409
416
424
431
438
446
453
461
468
476
483
491
498
506
514
521
529
536
544
551
559
567
574
582
590
597
605
613
621
628
636
644
651
659
667
675
683
690
698
706
714
722
730
737
745
753
761
769
777
785
793
801
809
817
825
833
841
849
857
865
873
881
889
897
905
914
922
930
938
946
954
962
971
979
987
995
1004
1012
1020
1028
1037
1045
1053
1062
1070
1078
1087
1095
1103
1112
1120
1128
1137
1145
1154
1162
1171
1179
1188
1196
1205
1213
1222
1230
1239
1247
1256
1265
1273
1282
1290
1299
1308
1316
1325
1334
1342
1351
1360
1368
1377
1386
1395
1403
1412
1421
1430
1439
1448
1456
1465
1474
1483
1492
1501
1510
1519
1527
1536
1545
1554
1563
1572
1581
1590
1599
1608
1617
1626
1635
1645
1654
1663
1672
1681
1690
1699
1708
1718
1727
1736
1745
1754
1764
1773
1782
1791
1801
1810
1819
1829
1838
1847
1857
1866
1875
1885
1894
1903
1913
1922
1932
1941
1951
1960
1970
1979
1989
1998
2008
2017
2027
2036
2046
2055
2065
2075
2084
2094
2104
2113
2123
2133
2142
2152
2162
2171
2181
2191
2201
2210
2220
2230
2240
2250
2260
2269
2279
2289
2299
2309
2319
2329
2339
2349
2358
2368
2378
2388
2398
2408
2418
2428
2439
2449
2459
2469
2479
2489
2499
2509
2519
2530
2540
2550
2560
2570
2580
2591
2601
2611
2621
2632
2642
2652
2663
2673
2683
2694
2704
2714
2725
2735
2745
2756
2766
2777
2787
2798
2808
2819
2829
2840
2850
2861
2871
2882
2892
2903
2914
2924
2935
2945
2956
2967
2977
2988
2999
3010
3020
3031
3042
3052
3063
3074
3085
3096
3106
3117
3128
3139
3150
3161
3172
3182
3193
3204
3215
3226
3237
3248
3259
3270
3281
3292
3303
3314
3325
3336
3347
3358
3370
3381
3392
3403
3414
3425
3436
3448
3459
3470
3481
3493
3504
3515
3526
3538
3549
3560
3572
3583
3594
3606
3617
3628
3640
3651
3663
3674
3685
3697
3708
3720
3731
3743
3754
3766
3777
3789
3801
3812
3824
3835
3847
3859
3870
3882
3894
3905
3917
3929
3940
3952
3964
3976
3987
3999
4011
4023
4035
4046
4058
4070
4082
4094
4106
4118
4130
4141
4153
4165
4177
4189
4201
4213
4225
4237
4249
4261
4273
4286
4298
4310
4322
4334
4346
4358
4370
4383
4395
4407
4419
4431
4444
4456
4468
4480
4493
4505
4517
4530
4542
4554
4567
4579
4591
4604
4616
4629
4641
4654
4666
4679
4691
4704
4716
4729
4741
4754
4766
4779
4791
4804
4817
4829
4842
4854
4867
4880
4892
4905
4918
4931
4943
4956
4969
4982
4994
5007
5020
5033
5046
5059
5071
5084
5097
5110
5123
5136
5149
5162
5175
5188
5201
5214
5227
5240
5253
5266
5279
5292
5305
5318
5331
5344
5358
5371
5384
5397
5410
5423
5437
5450
5463
5476
5490
5503
5516
5529
5543
5556
5569
5583
5596
5610
5623
5636
5650
5663
5677
5690
5704
5717
5730
5744
5758
5771
5785
5798
5812
5825
5839
5852
5866
5880
5893
5907
5921
5934
5948
5962
5975
5989
6003
6017
6030
6044
6058
6072
6086
6100
6113
6127
6141
6155
6169
6183
6197
6211
6225
6239
6253
6266
6280
6294
6309
6323
6337
6351
6365
6379
6393
6407
6421
6435
6449
6464
6478
6492
6506
6520
6535
6549
6563
6577
6592
6606
6620
6635
6649
6663
6678
6692
6706
6721
6735
6749
6764
6778
6793
6807
6822
6836
6851
6865
6880
6894
6909
6923
6938
6953
6967
6982
6996
7011
7026
7040
7055
7070
7085
7099
7114
7129
7144
7158
7173
7188
7203
7217
7232
7247
7262
7277
7292
7307
7322
7337
7351
7366
7381
7396
7411
7426
7441
7456
7471
7486
7502
7517
7532
7547
7562
7577
7592
7607
7622
7638
7653
7668
7683
7699
7714
7729
7744
7760
7775
7790
7805
7821
7836
7852
7867
7882
7898
7913
7928
7944
7959
7975
7990
8006
8021
8037
8052
8068
8083
8099
8115
8130
8146
8161
8177
8193
8208
8224
8240
8255
8271
8287
8302
8318
8334
8350
8365
8381
8397
8413
8429
8444
8460
8476
8492
8508
8524
8540
8556
8572
8588
8604
8620
8636
8652
8668
8684
8700
8716
8732
8748
8764
8780
8796
8812
8828
8845
8861
8877
8893
8909
8926
8942
8958
8974
8991
9007
9023
9040
9056
9072
9089
9105
9121
9138
9154
9170
9187
9203
9220
9236
9253
9269
9286
9302
9319
9335
9352
9368
9385
9402
9418
9435
9451
9468
9485
9501
9518
9535
9551
9568
9585
9602
9618
9635
9652
9669
9685
9702
9719
9736
9753
9770
9787
9803
9820
9837
9854
9871
9888
9905
9922
9939
9956
9973
9990
10007
10024
10041
10058
10075
10093
10110
10127
10144
10161
10178
10195
10213
10230
10247
10264
10282
10299
10316
10333
10351
10368
10385
10403
10420
10437
10455
10472
10489
10507
10524
10542
10559
10577
10594
10612
10629
10647
10664
10682
10699
10717
10734
10752
10770
10787
10805
10822
10840
10858
10875
10893
10911
10928
10946
10964
10982
10999
11017
11035
11053
11071
11088
11106
11124
11142
11160
11178
11196
11214
11231
11249
11267
11285
11303
11321
11339
11357
11375
11393
11411
11429
11447
11466
11484
11502
11520
11538
11556
11574
11592
11611
11629
11647
11665
11684
11702
11720
11738
11757
11775
11793
11811
11830
11848
11867
11885
11903
11922
11940
11958
11977
11995
12014
12032
12051
12069
12088
12106
12125
12143
12162
12180
12199
12218
12236
12255
12273
12292
12311
12329
12348
12367
12386
12404
12423
12442
12460
12479
12498
12517
12536
12554
12573
12592
12611
12630
12649
12668
12686
12705
12724
12743
12762
12781
12800
12819
12838
12857
12876
12895
12914
12933
12952
12971
12990
13010
13029
13048
13067
13086
13105
13124
13144
13163
13182
13201
13221
13240
13259
13278
13298
13317
13336
13356
13375
13394
13414
13433
13452
13472
13491
13511
13530
13549
13569
13588
13608
13627
13647
13666
13686
13705
13725
13745
13764
13784
13803
13823
13843
13862
13882
13901
13921
13941
13961
13980
14000
14020
14039
14059
14079
14099
14119
14138
14158
14178
14198
14218
14238
14257
14277
14297
14317
14337
14357
14377
14397
14417
14437
14457
14477
14497
14517
14537
14557
14577
14597
14617
14637
14657
14678
14698
14718
14738
14758
14778
14799
14819
14839
14859
14879
14900
14920
14940
14961
14981
15001
15022
15042
15062
15083
15103
15123
15144
15164
15185
15205
15225
15246
15266
15287
15307
15328
15348
15369
15389
15410
15430
15451
15472
15492
15513
15533
15554
15575
15595
15616
15637
15657
15678
15699
15720
15740
15761
15782
15803
15823
15844
15865
15886
15907
15927
15948
15969
15990
16011
16032
16053
16074
16094
16115
16136
16157
16178
16199
16220
16241
16262
16283
16304
16325
16347
16368
16389
16410
16431
16452
16473
16494
16515
16537
16558
16579
16600
16621
16643
16664
16685
16706
16728
16749
16770
16792
16813
16834
16855
16877
16898
16920
16941
16962
16984
17005
17027
17048
17069
17091
17112
17134
17155
17177
17198
17220
17241
17263
17285
17306
17328
17349
17371
17393
17414
17436
17457
17479
17501
17522
17544
17566
17588
17609
17631
17653
17675
17696
17718
17740
17762
17784
17805
17827
17849
17871
17893
17915
17937
17958
17980
18002
18024
18046
18068
18090
18112
18134
18156
18178
18200
18222
18244
18266
18288
18310
18332
18355
18377
18399
18421
18443
18465
18487
18510
18532
18554
18576
18598
18621
18643
18665
18687
18710
18732
18754
18776
18799
18821
18843
18866
18888
18911
18933
18955
18978
19000
19023
19045
19067
19090
19112
19135
19157
19180
19202
19225
19247
19270
19292
19315
19338
19360
19383
19405
19428
19450
19473
19496
19518
19541
19564
19586
19609
19632
19655
19677
19700
19723
19745
19768
19791
19814
19837
19859
19882
19905
19928
19951
19974
19996
20019
20042
20065
20088
20111
20134
20157
20180
20203
20226
20249
20272
20295
20318
20341
20364
20387
20410
20433
20456
20479
20502
20525
20548
20571
20595
20618
20641
20664
20687
20710
20734
20757
20780
20803
20826
20850
20873
20896
20919
20943
20966
20989
21013
21036
21059
21083
21106
21129
21153
21176
21200
21223
21246
21270
21293
21317
21340
21364
21387
21410
21434
21457
21481
21504
21528
21552
21575
21599
21622
21646
21669
21693
21717
21740
21764
21787
21811
21835
21858
21882
21906
21929
21953
21977
22001
22024
22048
22072
22096
22119
22143
22167
22191
22214
22238
22262
22286
22310
22334
22358
22381
22405
22429
22453
22477
22501
22525
22549
22573
22597
22621
22645
22669
22693
22717
22741
22765
22789
22813
22837
22861
22885
22909
22933
22957
22981
23005
23029
23054
23078
23102
23126
23150
23174
23199
23223
23247
23271
23295
23320
23344
23368
23392
23417
23441
23465
23489
23514
23538
23562
23587
23611
23635
23660
23684
23708
23733
23757
23782
23806
23830
23855
23879
23904
23928
23953
23977
24002
24026
24051
24075
24100
24124
24149
24173
24198
24222
24247
24272
24296
24321
24345
24370
24395
24419
24444
24468
24493
24518
24542
24567
24592
24616
24641
24666
24691
24715
24740
24765
24790
24814
24839
24864
24889
24913
24938
24963
24988
25013
25038
25062
25087
25112
25137
25162
25187
25212
25237
25261
25286
25311
25336
25361
25386
25411
25436
25461
25486
25511
25536
25561
25586
25611
25636
25661
25686
25711
25736
25761
25787
25812
25837
25862
25887
25912
25937
25962
25987
26013
26038
26063
26088
26113
26139
26164
26189
26214
26239
26265
26290
26315
26340
26366
26391
26416
26441
26467
26492
26517
26543
26568
26593
26619
26644
26669
26695
26720
26746
26771
26796
26822
26847
26873
26898
26923
26949
26974
27000
27025
27051
27076
27102
27127
27153
27178
27204
27229
27255
27280
27306
27331
27357
27382
27408
27434
27459
27485
27510
27536
27562
27587
27613
27639
27664
27690
27715
27741
27767
27792
27818
27844
27870
27895
27921
27947
27972
27998
28024
28050
28075
28101
28127
28153
28179
28204
28230
28256
28282
28308
28333
28359
28385
28411
28437
28463
28489
28514
28540
28566
28592
28618
28644
28670
28696
28722
28748
28774
28799
28825
28851
28877
28903
28929
28955
28981
29007
29033
29059
29085
29111
29137
29163
29190
29216
29242
29268
29294
29320
29346
29372
29398
29424
29450
29476
29503
29529
29555
29581
29607
29633
29659
29686
29712
29738
29764
29790
29817
29843
29869
29895
29921
29948
29974
30000
30026
30053
30079
30105
30131
30158
30184
30210
30237
30263
30289
30316
30342
30368
30395
30421
30447
30474
30500
30526
30553
30579
30605
30632
30658
30685
30711
30737
30764
30790
30817
30843
30870
30896
30922
30949
30975
31002
31028
31055
31081
31108
31134
31161
31187
31214
31240
31267
31293
31320
31346
31373
31399
31426
31453
31479
31506
31532
31559
31585
31612
31639
31665
31692
31718
31745
31772
31798
31825
31852
31878
31905
31932
31958
31985
32012
32038
32065
32092
32118
32145
32172
32198
32225
32252
32278
32305
32332
32359
32385
32412
32439
32466
32492
32519
32546
32573
32599
32626
32653
32680
32707
32733
32760
32787
32814
32841
32868
32894
32921
32948
32975
33002
33029
33055
33082
33109
33136
33163
33190
33217
33244
33270
33297
33324
33351
33378
33405
33432
33459
33486
33513
33540
33567
33594
33620
33647
33674
33701
33728
33755
33782
33809
33836
33863
33890
33917
33944
33971
33998
34025
34052
34079
34106
34133
34160
34187
34214
34241
34269
34296
34323
34350
34377
34404
34431
34458
34485
34512
34539
34566
34593
34621
34648
34675
34702
34729
34756
34783
34810
34837
34865
34892
34919
34946
34973
35000
35027
35055
35082
35109
35136
35163
35190
35218
35245
35272
35299
35326
35354
35381
35408
35435
35462
35490
35517
35544
35571
35599
35626
35653
35680
35707
35735
35762
35789
35816
35844
35871
35898
35925
35953
35980
36007
36035
36062
36089
36116
36144
36171
36198
36226
36253
36280
36307
36335
36362
36389
36417
36444
36471
36499
36526
36553
36581
36608
36635
36663
36690
36717
36745
36772
36799
36827
36854
36882
36909
36936
36964
36991
37018
37046
37073
37100
37128
37155
37183
37210
37237
37265
37292
37320
37347
37374
37402
37429
37457
37484
37511
37539
37566
37594
37621
37649
37676
37703
37731
37758
37786
37813
37841
37868
37896
37923
37950
37978
38005
38033
38060
38088
38115
38143
38170
38198
38225
38253
38280
38307
38335
38362
38390
38417
38445
38472
38500
38527
38555
38582
38610
38637
38665
38692
38720
38747
38775
38802
38830
38857
38885
38912
38940
38967
38995
39022
39050
39077
39105
39132
39160
39187
39215
39243
39270
39298
39325
39353
39380
39408
39435
39463
39490
39518
39545
39573
39600
39628
39656
39683
39711
39738
39766
39793
39821
39848
39876
39903
39931
39959
39986
40014
40041
40069
40096
40124
40151
40179
40207
40234
40262
40289
40317
40344
40372
40400
40427
40455
40482
40510
40537
40565
40592
40620
40648
40675
40703
40730
40758
40785
40813
40841
40868
40896
40923
40951
40978
41006
41034
41061
41089
41116
41144
41171
41199
41227
41254
41282
41309
41337
41364
41392
41420
41447
41475
41502
41530
41557
41585
41613
41640
41668
41695
41723
41750
41778
41806
41833
41861
41888
41916
41943
41971
41999
42026
42054
42081
42109
42136
42164
42192
42219
42247
42274
42302
42329
42357
42385
42412
42440
42467
42495
42522
42550
42578
42605
42633
42660
42688
42715
42743
42770
42798
42826
42853
42881
42908
42936
42963
42991
43018
43046
43073
43101
43129
43156
43184
43211
43239
43266
43294
43321
43349
43376
43404
43431
43459
43486
43514
43542
43569
43597
43624
43652
43679
43707
43734
43762
43789
43817
43844
43872
43899
43927
43954
43982
44009
44037
44064
44092
44119
44147
44174
44202
44229
44257
44284
44312
44339
44367
44394
44422
44449
44477
44504
44531
44559
44586
44614
44641
44669
44696
44724
44751
44779
44806
44833
44861
44888
44916
44943
44971
44998
45026
45053
45080
45108
45135
45163
45190
45218
45245
45272
45300
45327
45355
45382
45409
45437
45464
45492
45519
45546
45574
45601
45628
45656
45683
45711
45738
45765
45793
45820
45847
45875
45902
45930
45957
45984
46012
46039
46066
46094
46121
46148
46176
46203
46230
46258
46285
46312
46339
46367
46394
46421
46449
46476
46503
46531
46558
46585
46612
46640
46667
46694
46721
46749
46776
46803
46831
46858
46885
46912
46940
46967
46994
47021
47048
47076
47103
47130
47157
47185
47212
47239
47266
47293
47321
47348
47375
47402
47429
47456
47484
47511
47538
47565
47592
47619
47647
47674
47701
47728
47755
47782
47809
47836
47864
47891
47918
47945
47972
47999
48026
48053
48080
48107
48135
48162
48189
48216
48243
48270
48297
48324
48351
48378
48405
48432
48459
48486
48513
48540
48567
48594
48621
48648
48675
48702
48729
48756
48783
48810
48837
48864
48891
48918
48945
48972
48999
49026
49053
49080
49107
49133
49160
49187
49214
49241
49268
49295
49322
49349
49375
49402
49429
49456
49483
49510
49537
49563
49590
49617
49644
49671
49698
49724
49751
49778
49805
49832
49858
49885
49912
49939
49965
49992
50019
50046
50072
50099
50126
50153
50179
50206
50233
50259
50286
50313
50339
50366
50393
50419
50446
50473
50499
50526
50553
50579
50606
50633
50659
50686
50712
50739
50766
50792
50819
50845
50872
50899
50925
50952
50978
51005
51031
51058
51084
51111
51137
51164
51190
51217
51243
51270
51296
51323
51349
51376
51402
51429
51455
51482
51508
51534
51561
51587
51614
51640
51666
51693
51719
51746
51772
51798
51825
51851
51877
51904
51930
51956
51983
52009
52035
52062
52088
52114
52140
52167
52193
52219
52245
52272
52298
52324
52350
52377
52403
52429
52455
52481
52507
52534
52560
52586
52612
52638
52664
52691
52717
52743
52769
52795
52821
52847
52873
52899
52925
52951
52978
53004
53030
53056
53082
53108
53134
53160
53186
53212
53238
53264
53290
53316
53342
53367
53393
53419
53445
53471
53497
53523
53549
53575
53601
53626
53652
53678
53704
53730
53756
53782
53807
53833
53859
53885
53911
53936
53962
53988
54014
54039
54065
54091
54116
54142
54168
54194
54219
54245
54271
54296
54322
54348
54373
54399
54425
54450
54476
54501
54527
54553
54578
54604
54629
54655
54680
54706
54731
54757
54782
54808
54833
54859
54884
54910
54935
54961
54986
55012
55037
55062
55088
55113
55139
55164
55189
55215
55240
55265
55291
55316
55341
55367
55392
55417
55443
55468
55493
55518
55544
55569
55594
55619
55645
55670
55695
55720
55745
55770
55796
55821
55846
55871
55896
55921
55946
55971
55997
56022
56047
56072
56097
56122
56147
56172
56197
56222
56247
56272
56297
56322
56347
56372
56397
56422
56447
56471
56496
56521
56546
56571
56596
56621
56646
56670
56695
56720
56745
56770
56794
56819
56844
56869
56893
56918
56943
56968
56992
57017
57042
57066
57091
57116
57140
57165
57190
57214
57239
57263
57288
57313
57337
57362
57386
57411
57435
57460
57484
57509
57533
57558
57582
57607
57631
57656
57680
57704
57729
57753
57778
57802
57826
57851
57875
57899
57924
57948
57972
57996
58021
58045
58069
58094
58118
58142
58166
58190
58215
58239
58263
58287
58311
58335
58359
58384
58408
58432
58456
58480
58504
58528
58552
58576
58600
58624
58648
58672
58696
58720
58744
58768
58792
58816
58840
58864
58888
58911
58935
58959
58983
59007
59031
59054
59078
59102
59126
59149
59173
59197
59221
59244
59268
59292
59315
59339
59363
59386
59410
59434
59457
59481
59505
59528
59552
59575
59599
59622
59646
59669
59693
59716
59740
59763
59787
59810
59834
59857
59880
59904
59927
59950
59974
59997
60021
60044
60067
60090
60114
60137
60160
60183
60207
60230
60253
60276
60300
60323
60346
60369
60392
60415
60438
60461
60485
60508
60531
60554
60577
60600
60623
60646
60669
60692
60715
60738
60761
60784
60807
60829
60852
60875
60898
60921
60944
60967
60989
61012
61035
61058
61081
61103
61126
61149
61171
61194
61217
61239
61262
61285
61307
61330
61353
61375
61398
61420
61443
61466
61488
61511
61533
61556
61578
61601
61623
61645
61668
61690
61713
61735
61757
61780
61802
61824
61847
61869
61891
61914
61936
61958
61980
62003
62025
62047
62069
62091
62114
62136
62158
62180
62202
62224
62246
62268
62290
62313
62335
62357
62379
62401
62423
62444
62466
62488
62510
62532
62554
62576
62598
62620
62642
62663
62685
62707
62729
62750
62772
62794
62816
62837
62859
62881
62902
62924
62946
62967
62989
63011
63032
63054
63075
63097
63118
63140
63161
63183
63204
63226
63247
63269
63290
63312
63333
63354
63376
63397
63418
63440
63461
63482
63504
63525
63546
63567
63588
63610
63631
63652
63673
63694
63715
63737
63758
63779
63800
63821
63842
63863
63884
63905
63926
63947
63968
63989
64010
64031
64052
64072
64093
64114
64135
64156
64177
64197
64218
64239
64260
64280
64301
64322
64343
64363
64384
64405
64425
64446
64466
64487
64507
64528
64549
64569
64590
64610
64631
64651
64671
64692
64712
64733
64753
64773
64794
64814
64834
64855
64875
64895
64916
64936
64956
64976
64997
65017
65037
65057
65077
65097
65117
65137
65158
65178
65198
65218
65238
65258
65278
65298
65318
65338
65357
65377
65397
65417
65437
65457
65477
65496
65516
65536
65556
65576
65595
65615
65635
65654
65674
65694
65713
65733
65753
65772
65792
65811
65831
65850
65870
65889
65909
65928
65948
65967
65986
66006
66025
66045
66064
66083
66103
66122
66141
66160
66180
66199
66218
66237
66257
66276
66295
66314
66333
66352
66371
66390
66409
66428
66447
66466
66485
66504
66523
66542
66561
66580
66599
66618
66637
66656
66674
66693
66712
66731
66749
66768
66787
66806
66824
66843
66862
66880
66899
66917
66936
66955
66973
66992
67010
67029
67047
67066
67084
67103
67121
67139
67158
67176
67194
67213
67231
67249
67268
67286
67304
67322
67341
67359
67377
67395
67413
67431
67450
67468
67486
67504
67522
67540
67558
67576
67594
67612
67630
67648
67665
67683
67701
67719
67737
67755
67772
67790
67808
67826
67843
67861
67879
67897
67914
67932
67949
67967
67985
68002
68020
68037
68055
68072
68090
68107
68125
68142
68160
68177
68194
68212
68229
68246
68264
68281
68298
68315
68333
68350
68367
68384
68401
68419
68436
68453
68470
68487
68504
68521
68538
68555
68572
68589
68606
68623
68640
68657
68673
68690
68707
68724
68741
68758
68774
68791
68808
68824
68841
68858
68874
68891
68908
68924
68941
68957
68974
68991
69007
69024
69040
69056
69073
69089
69106
69122
69138
69155
69171
69187
69204
69220
69236
69252
69269
69285
69301
69317
69333
69349
69366
69382
69398
69414
69430
69446
69462
69478
69494
69510
69525
69541
69557
69573
69589
69605
69621
69636
69652
69668
69684
69699
69715
69731
69746
69762
69778
69793
69809
69824
69840
69855
69871
69886
69902
69917
69933
69948
69963
69979
69994
70009
70025
70040
70055
70071
70086
70101
70116
70131
70146
70162
70177
70192
70207
70222
70237
70252
70267
70282
70297
70312
70327
70342
70357
70371
70386
70401
70416
70431
70445
70460
70475
70490
70504
70519
70534
70548
70563
70578
70592
70607
70621
70636
70650
70665
70679
70694
70708
70722
70737
70751
70765
70780
70794
70808
70823
70837
70851
70865
70879
70894
70908
70922
70936
70950
70964
70978
70992
71006
71020
71034
71048
71062
71076
71090
71104
71117
71131
71145
71159
71173
71186
71200
71214
71228
71241
71255
71268
71282
71296
71309
71323
71336
71350
71363
71377
71390
71404
71417
71430
71444
71457
71470
71484
71497
71510
71523
71537
71550
71563
71576
71589
71602
71616
71629
71642
71655
71668
71681
71694
71707
71720
71733
71745
71758
71771
71784
71797
71810
71822
71835
71848
71861
71873
71886
71899
71911
71924
71936
71949
71962
71974
71987
71999
72012
72024
72036
72049
72061
72074
72086
72098
72111
72123
72135
72147
72160
72172
72184
72196
72208
72220
72232
72245
72257
72269
72281
72293
72305
72317
72328
72340
72352
72364
72376
72388
72400
72411
72423
72435
72447
72458
72470
72482
72493
72505
72516
72528
72540
72551
72563
72574
72586
72597
72608
72620
72631
72643
72654
72665
72677
72688
72699
72710
72722
72733
72744
72755
72766
72777
72788
72799
72811
72822
72833
72844
72855
72865
72876
72887
72898
72909
72920
72931
72941
72952
72963
72974
72984
72995
73006
73016
73027
73038
73048
73059
73069
73080
73090
73101
73111
73122
73132
73142
73153
73163
73173
73184
73194
73204
73215
73225
73235
73245
73255
73265
73276
73286
73296
73306
73316
73326
73336
73346
73356
73366
73375
73385
73395
73405
73415
73425
73434
73444
73454
73463
73473
73483
73492
73502
73512
73521
73531
73540
73550
73559
73569
73578
73588
73597
73606
73616
73625
73634
73644
73653
73662
73671
73680
73690
73699
73708
73717
73726
73735
73744
73753
73762
73771
73780
73789
73798
73807
73816
73825
73833
73842
73851
73860
73869
73877
73886
73895
73903
73912
73921
73929
73938
73946
73955
73963
73972
73980
73989
73997
74005
74014
74022
74030
74039
74047
74055
74063
74072
74080
74088
74096
74104
74112
74120
74129
74137
74145
74153
74160
74168
74176
74184
74192
74200
74208
74216
74223
74231
74239
74247
74254
74262
74270
74277
74285
74292
74300
74308
74315
74323
74330
74338
74345
74352
74360
74367
74374
74382
74389
74396
74404
74411
74418
74425
74432
74440
74447
74454
74461
74468
74475
74482
74489
74496
74503
74510
74517
74523
74530
74537
74544
74551
74557
74564
74571
74578
74584
74591
74598
74604
74611
74617
74624
74630
74637
74643
74650
74656
74663
74669
74675
74682
74688
74694
74700
74707
74713
74719
74725
74731
74738
74744
74750
74756
74762
74768
74774
74780
74786
74792
74798
74803
74809
74815
74821
74827
74833
74838
74844
74850
74855
74861
74867
74872
74878
74883
74889
74894
74900
74905
74911
74916
74922
74927
74932
74938
74943
74948
74954
74959
74964
74969
74974
74980
74985
74990
74995
75000
75005
75010
75015
75020
75025
75030
75035
75040
75044
75049
75054
75059
75064
75068
75073
75078
75082
75087
75092
75096
75101
75105
75110
75114
75119
75123
75128
75132
75137
75141
75145
75150
75154
75158
75163
75167
75171
75175
75179
75184
75188
75192
75196
75200
75204
75208
75212
75216
75220
75224
75228
75231
75235
75239
75243
75247
75250
75254
75258
75262
75265
75269
75272
75276
75280
75283
75287
75290
75294
75297
75301
75304
75307
75311
75314
75317
75321
75324
75327
75330
75334
75337
75340
75343
75346
75349
75352
75355
75358
75361
75364
75367
75370
75373
75376
75379
75382
75384
75387
75390
75393
75395
75398
75401
75403
75406
75409
75411
75414
75416
75419
75421
75424
75426
75429
75431
75433
75436
75438
75440
75443
75445
75447
75449
75451
75454
75456
75458
75460
75462
75464
75466
75468
75470
75472
75474
75476
75478
75480
75481
75483
75485
75487
75489
75490
75492
75494
75495
75497
75498
75500
75502
75503
75505
75506
75508
75509
75510
75512
75513
75515
75516
75517
75518
75520
75521
75522
75523
75525
75526
75527
75528
75529
75530
75531
75532
75533
75534
75535
75536
75537
75538
75538
75539
75540
75541
75541
75542
75543
75544
75544
75545
75545
75546
75547
75547
75548
75548
75549
75549
75549
75550
75550
75551
75551
75551
75551
75552
75552
75552
75552
75553
75553
75553
75553
75553
75553
75553
75553
75553
75553
75553
75553
75553
75553
75552
75552
75552
75552
75551
75551
75551
75551
75550
75550
75549
75549
75549
75548
75548
75547
75547
75546
75545
75545
75544
75544
75543
75542
75541
75541
75540
75539
75538
75538
75537
75536
75535
75534
75533
75532
75531
75530
75529
75528
75527
75526
75525
75523
75522
75521
75520
75518
75517
75516
75515
75513
75512
75510
75509
75508
75506
75505
75503
75502
75500
75498
75497
75495
75494
75492
75490
75489
75487
75485
75483
75481
75480
75478
75476
75474
75472
75470
75468
75466
75464
75462
75460
75458
75456
75454
75451
75449
75447
75445
75443
75440
75438
75436
75433
75431
75429
75426
75424
75421
75419
75416
75414
75411
75409
75406
75403
75401
75398
75395
75393
75390
75387
75384
75382
75379
75376
75373
75370
75367
75364
75361
75358
75355
75352
75349
75346
75343
75340
75337
75334
75330
75327
75324
75321
75317
75314
75311
75307
75304
75301
75297
75294
75290
75287
75283
75280
75276
75272
75269
75265
75262
75258
75254
75250
75247
75243
75239
75235
75231
75228
75224
75220
75216
75212
75208
75204
75200
75196
75192
75188
75184
75179
75175
75171
75167
75163
75158
75154
75150
75145
75141
75137
75132
75128
75123
75119
75114
75110
75105
75101
75096
75092
75087
75082
75078
75073
75068
75064
75059
75054
75049
75044
75040
75035
75030
75025
75020
75015
75010
75005
75000
74995
74990
74985
74980
74974
74969
74964
74959
74954
74948
74943
74938
74932
74927
74922
74916
74911
74905
74900
74894
74889
74883
74878
74872
74867
74861
74855
74850
74844
74838
74833
74827
74821
74815
74809
74803
74798
74792
74786
74780
74774
74768
74762
74756
74750
74744
74738
74731
74725
74719
74713
74707
74700
74694
74688
74682
74675
74669
74663
74656
74650
74643
74637
74630
74624
74617
74611
74604
74598
74591
74584
74578
74571
74564
74557
74551
74544
74537
74530
74523
74517
74510
74503
74496
74489
74482
74475
74468
74461
74454
74447
74440
74432
74425
74418
74411
74404
74396
74389
74382
74374
74367
74360
74352
74345
74338
74330
74323
74315
74308
74300
74292
74285
74277
74270
74262
74254
74247
74239
74231
74223
74216
74208
74200
74192
74184
74176
74168
74160
74153
74145
74137
74129
74120
74112
74104
74096
74088
74080
74072
74063
74055
74047
74039
74030
74022
74014
74005
73997
73989
73980
73972
73963
73955
73946
73938
73929
73921
73912
73903
73895
73886
73877
73869
73860
73851
73842
73833
73825
73816
73807
73798
73789
73780
73771
73762
73753
73744
73735
73726
73717
73708
73699
73690
73680
73671
73662
73653
73644
73634
73625
73616
73606
73597
73588
73578
73569
73559
73550
73540
73531
73521
73512
73502
73492
73483
73473
73463
73454
73444
73434
73425
73415
73405
73395
73385
73375
73366
73356
73346
73336
73326
73316
73306
73296
73286
73276
73265
73255
73245
73235
73225
73215
73204
73194
73184
73173
73163
73153
73142
73132
73122
73111
73101
73090
73080
73069
73059
73048
73038
73027
73016
73006
72995
72984
72974
72963
72952
72941
72931
72920
72909
72898
72887
72876
72865
72855
72844
72833
72822
72811
72799
72788
72777
72766
72755
72744
72733
72722
72710
72699
72688
72677
72665
72654
72643
72631
72620
72608
72597
72586
72574
72563
72551
72540
72528
72516
72505
72493
72482
72470
72458
72447
72435
72423
72411
72400
72388
72376
72364
72352
72340
72328
72317
72305
72293
72281
72269
72257
72245
72232
72220
72208
72196
72184
72172
72160
72147
72135
72123
72111
72098
72086
72074
72061
72049
72036
72024
72012
71999
71987
71974
71962
71949
71936
71924
71911
71899
71886
71873
71861
71848
71835
71822
71810
71797
71784
71771
71758
71745
71733
71720
71707
71694
71681
71668
71655
71642
71629
71616
71602
71589
71576
71563
71550
71537
71523
71510
71497
71484
71470
71457
71444
71430
71417
71404
71390
71377
71363
71350
71336
71323
71309
71296
71282
71268
71255
71241
71228
71214
71200
71186
71173
71159
71145
71131
71117
71104
71090
71076
71062
71048
71034
71020
71006
70992
70978
70964
70950
70936
70922
70908
70894
70879
70865
70851
70837
70823
70808
70794
70780
70765
70751
70737
70722
70708
70694
70679
70665
70650
70636
70621
70607
70592
70578
70563
70548
70534
70519
70504
70490
70475
70460
70445
70431
70416
70401
70386
70371
70357
70342
70327
70312
70297
70282
70267
70252
70237
70222
70207
70192
70177
70162
70146
70131
70116
70101
70086
70071
70055
70040
70025
70009
69994
69979
69963
69948
69933
69917
69902
69886
69871
69855
69840
69824
69809
69793
69778
69762
69746
69731
69715
69699
69684
69668
69652
69636
69621
69605
69589
69573
69557
69541
69525
69510
69494
69478
69462
69446
69430
69414
69398
69382
69366
69349
69333
69317
69301
69285
69269
69252
69236
69220
69204
69187
69171
69155
69138
69122
69106
69089
69073
69056
69040
69024
69007
68991
68974
68957
68941
68924
68908
68891
68874
68858
68841
68824
68808
68791
68774
68758
68741
68724
68707
68690
68673
68657
68640
68623
68606
68589
68572
68555
68538
68521
68504
68487
68470
68453
68436
68419
68401
68384
68367
68350
68333
68315
68298
68281
68264
68246
68229
68212
68194
68177
68160
68142
68125
68107
68090
68072
68055
68037
68020
68002
67985
67967
67949
67932
67914
67897
67879
67861
67843
67826
67808
67790
67772
67755
67737
67719
67701
67683
67665
67648
67630
67612
67594
67576
67558
67540
67522
67504
67486
67468
67450
67431
67413
67395
67377
67359
67341
67322
67304
67286
67268
67249
67231
67213
67194
67176
67158
67139
67121
67103
67084
67066
67047
67029
67010
66992
66973
66955
66936
66917
66899
66880
66862
66843
66824
66806
66787
66768
66749
66731
66712
66693
66674
66656
66637
66618
66599
66580
66561
66542
66523
66504
66485
66466
66447
66428
66409
66390
66371
66352
66333
66314
66295
66276
66257
66237
66218
66199
66180
66160
66141
66122
66103
66083
66064
66045
66025
66006
65986
65967
65948
65928
65909
65889
65870
65850
65831
65811
65792
65772
65753
65733
65713
65694
65674
65654
65635
65615
65595
65576
65556
65536
65516
65496
65477
65457
65437
65417
65397
65377
65357
65338
65318
65298
65278
65258
65238
65218
65198
65178
65158
65137
65117
65097
65077
65057
65037
65017
64997
64976
64956
64936
64916
64895
64875
64855
64834
64814
64794
64773
64753
64733
64712
64692
64671
64651
64631
64610
64590
64569
64549
64528
64507
64487
64466
64446
64425
64405
64384
64363
64343
64322
64301
64280
64260
64239
64218
64197
64177
64156
64135
64114
64093
64072
64052
64031
64010
63989
63968
63947
63926
63905
63884
63863
63842
63821
63800
63779
63758
63737
63715
63694
63673
63652
63631
63610
63588
63567
63546
63525
63504
63482
63461
63440
63418
63397
63376
63354
63333
63312
63290
63269
63247
63226
63204
63183
63161
63140
63118
63097
63075
63054
63032
63011
62989
62967
62946
62924
62902
62881
62859
62837
62816
62794
62772
62750
62729
62707
62685
62663
62642
62620
62598
62576
62554
62532
62510
62488
62466
62444
62423
62401
62379
62357
62335
62313
62290
62268
62246
62224
62202
62180
62158
62136
62114
62091
62069
62047
62025
62003
61980
61958
61936
61914
61891
61869
61847
61824
61802
61780
61757
61735
61713
61690
61668
61645
61623
61601
61578
61556
61533
61511
61488
61466
61443
61420
61398
61375
61353
61330
61307
61285
61262
61239
61217
61194
61171
61149
61126
61103
61081
61058
61035
61012
60989
60967
60944
60921
60898
60875
60852
60829
60807
60784
60761
60738
60715
60692
60669
60646
60623
60600
60577
60554
60531
60508
60485
60461
60438
60415
60392
60369
60346
60323
60300
60276
60253
60230
60207
60183
60160
60137
60114
60090
60067
60044
60021
59997
59974
59950
59927
59904
59880
59857
59834
59810
59787
59763
59740
59716
59693
59669
59646
59622
59599
59575
59552
59528
59505
59481
59457
59434
59410
59386
59363
59339
59315
59292
59268
59244
59221
59197
59173
59149
59126
59102
59078
59054
59031
59007
58983
58959
58935
58911
58888
58864
58840
58816
58792
58768
58744
58720
58696
58672
58648
58624
58600
58576
58552
58528
58504
58480
58456
58432
58408
58384
58359
58335
58311
58287
58263
58239
58215
58190
58166
58142
58118
58094
58069
58045
58021
57996
57972
57948
57924
57899
57875
57851
57826
57802
57778
57753
57729
57704
57680
57656
57631
57607
57582
57558
57533
57509
57484
57460
57435
57411
57386
57362
57337
57313
57288
57263
57239
57214
57190
57165
57140
57116
57091
57066
57042
57017
56992
56968
56943
56918
56893
56869
56844
56819
56794
56770
56745
56720
56695
56670
56646
56621
56596
56571
56546
56521
56496
56471
56447
56422
56397
56372
56347
56322
56297
56272
56247
56222
56197
56172
56147
56122
56097
56072
56047
56022
55997
55971
55946
55921
55896
55871
55846
55821
55796
55770
55745
55720
55695
55670
55645
55619
55594
55569
55544
55518
55493
55468
55443
55417
55392
55367
55341
55316
55291
55265
55240
55215
55189
55164
55139
55113
55088
55062
55037
55012
54986
54961
54935
54910
54884
54859
54833
54808
54782
54757
54731
54706
54680
54655
54629
54604
54578
54553
54527
54501
54476
54450
54425
54399
54373
54348
54322
54296
54271
54245
54219
54194
54168
54142
54116
54091
54065
54039
54014
53988
53962
53936
53911
53885
53859
53833
53807
53782
53756
53730
53704
53678
53652
53626
53601
53575
53549
53523
53497
53471
53445
53419
53393
53367
53342
53316
53290
53264
53238
53212
53186
53160
53134
53108
53082
53056
53030
53004
52978
52951
52925
52899
52873
52847
52821
52795
52769
52743
52717
52691
52664
52638
52612
52586
52560
52534
52507
52481
52455
52429
52403
52377
52350
52324
52298
52272
52245
52219
52193
52167
52140
52114
52088
52062
52035
52009
51983
51956
51930
51904
51877
51851
51825
51798
51772
51746
51719
51693
51666
51640
51614
51587
51561
51534
51508
51482
51455
51429
51402
51376
51349
51323
51296
51270
51243
51217
51190
51164
51137
51111
51084
51058
51031
51005
50978
50952
50925
50899
50872
50845
50819
50792
50766
50739
50712
50686
50659
50633
50606
50579
50553
50526
50499
50473
50446
50419
50393
50366
50339
50313
50286
50259
50233
50206
50179
50153
50126
50099
50072
50046
50019
49992
49965
49939
49912
49885
49858
49832
49805
49778
49751
49724
49698
49671
49644
49617
49590
49563
49537
49510
49483
49456
49429
49402
49375
49349
49322
49295
49268
49241
49214
49187
49160
49133
49107
49080
49053
49026
48999
48972
48945
48918
48891
48864
48837
48810
48783
48756
48729
48702
48675
48648
48621
48594
48567
48540
48513
48486
48459
48432
48405
48378
48351
48324
48297
48270
48243
48216
48189
48162
48135
48107
48080
48053
48026
47999
47972
47945
47918
47891
47864
47836
47809
47782
47755
47728
47701
47674
47647
47619
47592
47565
47538
47511
47484
47456
47429
47402
47375
47348
47321
47293
47266
47239
47212
47185
47157
47130
47103
47076
47048
47021
46994
46967
46940
46912
46885
46858
46831
46803
46776
46749
46721
46694
46667
46640
46612
46585
46558
46531
46503
46476
46449
46421
46394
46367
46339
46312
46285
46258
46230
46203
46176
46148
46121
46094
46066
46039
46012
45984
45957
45930
45902
45875
45847
45820
45793
45765
45738
45711
45683
45656
45628
45601
45574
45546
45519
45492
45464
45437
45409
45382
45355
45327
45300
45272
45245
45218
45190
45163
45135
45108
45080
45053
45026
44998
44971
44943
44916
44888
44861
44833
44806
44779
44751
44724
44696
44669
44641
44614
44586
44559
44531
44504
44477
44449
44422
44394
44367
44339
44312
44284
44257
44229
44202
44174
44147
44119
44092
44064
44037
44009
43982
43954
43927
43899
43872
43844
43817
43789
43762
43734
43707
43679
43652
43624
43597
43569
43542
43514
43486
43459
43431
43404
43376
43349
43321
43294
43266
43239
43211
43184
43156
43129
43101
43073
43046
43018
42991
42963
42936
42908
42881
42853
42826
42798
42770
42743
42715
42688
42660
42633
42605
42578
42550
42522
42495
42467
42440
42412
42385
42357
42329
42302
42274
42247
42219
42192
42164
42136
42109
42081
42054
42026
41999
41971
41943
41916
41888
41861
41833
41806
41778
41750
41723
41695
41668
41640
41613
41585
41557
41530
41502
41475
41447
41420
41392
41364
41337
41309
41282
41254
41227
41199
41171
41144
41116
41089
41061
41034
41006
40978
40951
40923
40896
40868
40841
40813
40785
40758
40730
40703
40675
40648
40620
40592
40565
40537
40510
40482
40455
40427
40400
40372
40344
40317
40289
40262
40234
40207
40179
40151
40124
40096
40069
40041
40014
39986
39959
39931
39903
39876
39848
39821
39793
39766
39738
39711
39683
39656
39628
39600
39573
39545
39518
39490
39463
39435
39408
39380
39353
39325
39298
39270
39243
39215
39187
39160
39132
39105
39077
39050
39022
38995
38967
38940
38912
38885
38857
38830
38802
38775
38747
38720
38692
38665
38637
38610
38582
38555
38527
38500
38472
38445
38417
38390
38362
38335
38307
38280
38253
38225
38198
38170
38143
38115
38088
38060
38033
38005
37978
37950
37923
37896
37868
37841
37813
37786
37758
37731
37703
37676
37649
37621
37594
37566
37539
37511
37484
37457
37429
37402
37374
37347
37320
37292
37265
37237
37210
37183
37155
37128
37100
37073
37046
37018
36991
36964
36936
36909
36882
36854
36827
36799
36772
36745
36717
36690
36663
36635
36608
36581
36553
36526
36499
36471
36444
36417
36389
36362
36335
36307
36280
36253
36226
36198
36171
36144
36116
36089
36062
36035
36007
35980
35953
35925
35898
35871
35844
35816
35789
35762
35735
35707
35680
35653
35626
35599
35571
35544
35517
35490
35462
35435
35408
35381
35354
35326
35299
35272
35245
35218
35190
35163
35136
35109
35082
35055
35027
35000
34973
34946
34919
34892
34865
34837
34810
34783
34756
34729
34702
34675
34648
34621
34593
34566
34539
34512
34485
34458
34431
34404
34377
34350
34323
34296
34269
34241
34214
34187
34160
34133
34106
34079
34052
34025
33998
33971
33944
33917
33890
33863
33836
33809
33782
33755
33728
33701
33674
33647
33620
33594
33567
33540
33513
33486
33459
33432
33405
33378
33351
33324
33297
33270
33244
33217
33190
33163
33136
33109
33082
33055
33029
33002
32975
32948
32921
32894
32868
32841
32814
32787
32760
32733
32707
32680
32653
32626
32599
32573
32546
32519
32492
32466
32439
32412
32385
32359
32332
32305
32278
32252
32225
32198
32172
32145
32118
32092
32065
32038
32012
31985
31958
31932
31905
31878
31852
31825
31798
31772
31745
31718
31692
31665
31639
31612
31585
31559
31532
31506
31479
31453
31426
31399
31373
31346
31320
31293
31267
31240
31214
31187
31161
31134
31108
31081
31055
31028
31002
30975
30949
30922
30896
30870
30843
30817
30790
30764
30737
30711
30685
30658
30632
30605
30579
30553
30526
30500
30474
30447
30421
30395
30368
30342
30316
30289
30263
30237
30210
30184
30158
30131
30105
30079
30053
30026
30000
29974
29948
29921
29895
29869
29843
29817
29790
29764
29738
29712
29686
29659
29633
29607
29581
29555
29529
29503
29476
29450
29424
29398
29372
29346
29320
29294
29268
29242
29216
29190
29163
29137
29111
29085
29059
29033
29007
28981
28955
28929
28903
28877
28851
28825
28799
28774
28748
28722
28696
28670
28644
28618
28592
28566
28540
28514
28489
28463
28437
28411
28385
28359
28333
28308
28282
28256
28230
28204
28179
28153
28127
28101
28075
28050
28024
27998
27972
27947
27921
27895
27870
27844
27818
27792
27767
27741
27715
27690
27664
27639
27613
27587
27562
27536
27510
27485
27459
27434
27408
27382
27357
27331
27306
27280
27255
27229
27204
27178
27153
27127
27102
27076
27051
27025
27000
26974
26949
26923
26898
26873
26847
26822
26796
26771
26746
26720
26695
26669
26644
26619
26593
26568
26543
26517
26492
26467
26441
26416
26391
26366
26340
26315
26290
26265
26239
26214
26189
26164
26139
26113
26088
26063
26038
26013
25987
25962
25937
25912
25887
25862
25837
25812
25787
25761
25736
25711
25686
25661
25636
25611
25586
25561
25536
25511
25486
25461
25436
25411
25386
25361
25336
25311
25286
25261
25237
25212
25187
25162
25137
25112
25087
25062
25038
25013
24988
24963
24938
24913
24889
24864
24839
24814
24790
24765
24740
24715
24691
24666
24641
24616
24592
24567
24542
24518
24493
24468
24444
24419
24395
24370
24345
24321
24296
24272
24247
24222
24198
24173
24149
24124
24100
24075
24051
24026
24002
23977
23953
23928
23904
23879
23855
23830
23806
23782
23757
23733
23708
23684
23660
23635
23611
23587
23562
23538
23514
23489
23465
23441
23417
23392
23368
23344
23320
23295
23271
23247
23223
23199
23174
23150
23126
23102
23078
23054
23029
23005
22981
22957
22933
22909
22885
22861
22837
22813
22789
22765
22741
22717
22693
22669
22645
22621
22597
22573
22549
22525
22501
22477
22453
22429
22405
22381
22358
22334
22310
22286
22262
22238
22214
22191
22167
22143
22119
22096
22072
22048
22024
22001
21977
21953
21929
21906
21882
21858
21835
21811
21787
21764
21740
21717
21693
21669
21646
21622
21599
21575
21552
21528
21504
21481
21457
21434
21410
21387
21364
21340
21317
21293
21270
21246
21223
21200
21176
21153
21129
21106
21083
21059
21036
21013
20989
20966
20943
20919
20896
20873
20850
20826
20803
20780
20757
20734
20710
20687
20664
20641
20618
20595
20571
20548
20525
20502
20479
20456
20433
20410
20387
20364
20341
20318
20295
20272
20249
20226
20203
20180
20157
20134
20111
20088
20065
20042
20019
19996
19974
19951
19928
19905
19882
19859
19837
19814
19791
19768
19745
19723
19700
19677
19655
19632
19609
19586
19564
19541
19518
19496
19473
19450
19428
19405
19383
19360
19338
19315
19292
19270
19247
19225
19202
19180
19157
19135
19112
19090
19067
19045
19023
19000
18978
18955
18933
18911
18888
18866
18843
18821
18799
18776
18754
18732
18710
18687
18665
18643
18621
18598
18576
18554
18532
18510
18487
18465
18443
18421
18399
18377
18355
18332
18310
18288
18266
18244
18222
18200
18178
18156
18134
18112
18090
18068
18046
18024
18002
17980
17958
17937
17915
17893
17871
17849
17827
17805
17784
17762
17740
17718
17696
17675
17653
17631
17609
17588
17566
17544
17522
17501
17479
17457
17436
17414
17393
17371
17349
17328
17306
17285
17263
17241
17220
17198
17177
17155
17134
17112
17091
17069
17048
17027
17005
16984
16962
16941
16920
16898
16877
16855
16834
16813
16792
16770
16749
16728
16706
16685
16664
16643
16621
16600
16579
16558
16537
16515
16494
16473
16452
16431
16410
16389
16368
16347
16325
16304
16283
16262
16241
16220
16199
16178
16157
16136
16115
16094
16074
16053
16032
16011
15990
15969
15948
15927
15907
15886
15865
15844
15823
15803
15782
15761
15740
15720
15699
15678
15657
15637
15616
15595
15575
15554
15533
15513
15492
15472
15451
15430
15410
15389
15369
15348
15328
15307
15287
15266
15246
15225
15205
15185
15164
15144
15123
15103
15083
15062
15042
15022
15001
14981
14961
14940
14920
14900
14879
14859
14839
14819
14799
14778
14758
14738
14718
14698
14678
14657
14637
14617
14597
14577
14557
14537
14517
14497
14477
14457
14437
14417
14397
14377
14357
14337
14317
14297
14277
14257
14238
14218
14198
14178
14158
14138
14119
14099
14079
14059
14039
14020
14000
13980
13961
13941
13921
13901
13882
13862
13843
13823
13803
13784
13764
13745
13725
13705
13686
13666
13647
13627
13608
13588
13569
13549
13530
13511
13491
13472
13452
13433
13414
13394
13375
13356
13336
13317
13298
13278
13259
13240
13221
13201
13182
13163
13144
13124
13105
13086
13067
13048
13029
13010
12990
12971
12952
12933
12914
12895
12876
12857
12838
12819
12800
12781
12762
12743
12724
12705
12686
12668
12649
12630
12611
12592
12573
12554
12536
12517
12498
12479
12460
12442
12423
12404
12386
12367
12348
12329
12311
12292
12273
12255
12236
12218
12199
12180
12162
12143
12125
12106
12088
12069
12051
12032
12014
11995
11977
11958
11940
11922
11903
11885
11867
11848
11830
11811
11793
11775
11757
11738
11720
11702
11684
11665
11647
11629
11611
11592
11574
11556
11538
11520
11502
11484
11466
11447
11429
11411
11393
11375
11357
11339
11321
11303
11285
11267
11249
11231
11214
11196
11178
11160
11142
11124
11106
11088
11071
11053
11035
11017
10999
10982
10964
10946
10928
10911
10893
10875
10858
10840
10822
10805
10787
10770
10752
10734
10717
10699
10682
10664
10647
10629
10612
10594
10577
10559
10542
10524
10507
10489
10472
10455
10437
10420
10403
10385
10368
10351
10333
10316
10299
10282
10264
10247
10230
10213
10195
10178
10161
10144
10127
10110
10093
10075
10058
10041
10024
10007
9990
9973
9956
9939
9922
9905
9888
9871
9854
9837
9820
9803
9787
9770
9753
9736
9719
9702
9685
9669
9652
9635
9618
9602
9585
9568
9551
9535
9518
9501
9485
9468
9451
9435
9418
9402
9385
9368
9352
9335
9319
9302
9286
9269
9253
9236
9220
9203
9187
9170
9154
9138
9121
9105
9089
9072
9056
9040
9023
9007
8991
8974
8958
8942
8926
8909
8893
8877
8861
8845
8828
8812
8796
8780
8764
8748
8732
8716
8700
8684
8668
8652
8636
8620
8604
8588
8572
8556
8540
8524
8508
8492
8476
8460
8444
8429
8413
8397
8381
8365
8350
8334
8318
8302
8287
8271
8255
8240
8224
8208
8193
8177
8161
8146
8130
8115
8099
8083
8068
8052
8037
8021
8006
7990
7975
7959
7944
7928
7913
7898
7882
7867
7852
7836
7821
7805
7790
7775
7760
7744
7729
7714
7699
7683
7668
7653
7638
7622
7607
7592
7577
7562
7547
7532
7517
7502
7486
7471
7456
7441
7426
7411
7396
7381
7366
7351
7337
7322
7307
7292
7277
7262
7247
7232
7217
7203
7188
7173
7158
7144
7129
7114
7099
7085
7070
7055
7040
7026
7011
6996
6982
6967
6953
6938
6923
6909
6894
6880
6865
6851
6836
6822
6807
6793
6778
6764
6749
6735
6721
6706
6692
6678
6663
6649
6635
6620
6606
6592
6577
6563
6549
6535
6520
6506
6492
6478
6464
6449
6435
6421
6407
6393
6379
6365
6351
6337
6323
6309
6294
6280
6266
6253
6239
6225
6211
6197
6183
6169
6155
6141
6127
6113
6100
6086
6072
6058
6044
6030
6017
6003
5989
5975
5962
5948
5934
5921
5907
5893
5880
5866
5852
5839
5825
5812
5798
5785
5771
5758
5744
5730
5717
5704
5690
5677
5663
5650
5636
5623
5610
5596
5583
5569
5556
5543
5529
5516
5503
5490
5476
5463
5450
5437
5423
5410
5397
5384
5371
5358
5344
5331
5318
5305
5292
5279
5266
5253
5240
5227
5214
5201
5188
5175
5162
5149
5136
5123
5110
5097
5084
5071
5059
5046
5033
5020
5007
4994
4982
4969
4956
4943
4931
4918
4905
4892
4880
4867
4854
4842
4829
4817
4804
4791
4779
4766
4754
4741
4729
4716
4704
4691
4679
4666
4654
4641
4629
4616
4604
4591
4579
4567
4554
4542
4530
4517
4505
4493
4480
4468
4456
4444
4431
4419
4407
4395
4383
4370
4358
4346
4334
4322
4310
4298
4286
4273
4261
4249
4237
4225
4213
4201
4189
4177
4165
4153
4141
4130
4118
4106
4094
4082
4070
4058
4046
4035
4023
4011
3999
3987
3976
3964
3952
3940
3929
3917
3905
3894
3882
3870
3859
3847
3835
3824
3812
3801
3789
3777
3766
3754
3743
3731
3720
3708
3697
3685
3674
3663
3651
3640
3628
3617
3606
3594
3583
3572
3560
3549
3538
3526
3515
3504
3493
3481
3470
3459
3448
3436
3425
3414
3403
3392
3381
3370
3358
3347
3336
3325
3314
3303
3292
3281
3270
3259
3248
3237
3226
3215
3204
3193
3182
3172
3161
3150
3139
3128
3117
3106
3096
3085
3074
3063
3052
3042
3031
3020
3010
2999
2988
2977
2967
2956
2945
2935
2924
2914
2903
2892
2882
2871
2861
2850
2840
2829
2819
2808
2798
2787
2777
2766
2756
2745
2735
2725
2714
2704
2694
2683
2673
2663
2652
2642
2632
2621
2611
2601
2591
2580
2570
2560
2550
2540
2530
2519
2509
2499
2489
2479
2469
2459
2449
2439
2428
2418
2408
2398
2388
2378
2368
2358
2349
2339
2329
2319
2309
2299
2289
2279
2269
2260
2250
2240
2230
2220
2210
2201
2191
2181
2171
2162
2152
2142
2133
2123
2113
2104
2094
2084
2075
2065
2055
2046
2036
2027
2017
2008
1998
1989
1979
1970
1960
1951
1941
1932
1922
1913
1903
1894
1885
1875
1866
1857
1847
1838
1829
1819
1810
1801
1791
1782
1773
1764
1754
1745
1736
1727
1718
1708
1699
1690
1681
1672
1663
1654
1645
1635
1626
1617
1608
1599
1590
1581
1572
1563
1554
1545
1536
1527
1519
1510
1501
1492
1483
1474
1465
1456
1448
1439
1430
1421
1412
1403
1395
1386
1377
1368
1360
1351
1342
1334
1325
1316
1308
1299
1290
1282
1273
1265
1256
1247
1239
1230
1222
1213
1205
1196
1188
1179
1171
1162
1154
1145
1137
1128
1120
1112
1103
1095
1087
1078
1070
1062
1053
1045
1037
1028
1020
1012
1004
995
987
979
971
962
954
946
938
930
922
914
905
897
889
881
873
865
857
849
841
833
825
817
809
801
793
785
777
769
761
753
745
737
730
722
714
706
698
690
683
675
667
659
651
644
636
628
621
613
605
597
590
582
574
567
559
551
544
536
529
521
514
506
498
491
483
476
468
461
453
446
438
431
424
416
409
401
394
387
379
372
364
357
350
342
335
328
321
313
306
299
291
284
277
270
263
255
248
241
234
227
220
212
205
198
191
184
177
170
163
156
149
142
135
128
121
114
107
100
93
86
79
72
65
58
51
44
38
31
24
17
10
3
-3
-10
-17
-24
-31
-37
-44
-51
-57
-64
-71
-78
-84
-91
-98
-104
-111
-117
-124
-131
-137
-144
-150
-157
-164
-170
-177
-183
-190
-196
-203
-209
-216
-222
-229
-235
-241
-248
-254
-261
-267
-274
-280
-286
-293
-299
-305
-312
-318
-324
-330
-337
-343
-349
-356
-362
-368
-374
-380
-387
-393
-399
-405
-411
-418
-424
-430
-436
-442
-448
-454
-460
-466
-472
-478
-485
-491
-497
-503
-509
-515
-521
-527
-532
-538
-544
-550
-556
-562
-568
-574
-580
-586
-592
-597
-603
-609
-615
-621
-626
-632
-638
-644
-650
-655
-661
-667
-673
-678
-684
-690
-695
-701
-707
-712
-718
-724
-729
-735
-740
-746
-752
-757
-763
-768
-774
-779
-785
-791
-796
-802
-807
-813
-818
-823
-829
-834
-840
-845
-851
-856
-861
-867
-872
-878
-883
-888
-894
-899
-904
-910
-915
-920
-925
-931
-936
-941
-946
-952
-957
-962
-967
-973
-978
-983
-988
-993
-998
-1003
-1009
-1014
-1019
-1024
-1029
-1034
-1039
-1044
-1049
-1054
-1059
-1064
-1069
-1074
-1079
-1084
-1089
-1094
-1099
-1104
-1109
-1114
-1119
-1124
-1129
-1134
-1139
-1144
-1148
-1153
-1158
-1163
-1168
-1173
-1178
-1182
-1187
-1192
-1197
-1201
-1206
-1211
-1216
-1220
-1225
-1230
-1235
-1239
-1244
-1249
-1253
-1258
-1263
-1267
-1272
-1277
-1281
-1286
-1290
-1295
-1300
-1304
-1309
-1313
-1318
-1322
-1327
-1331
-1336
-1340
-1345
-1349
-1354
-1358
-1363
-1367
-1372
-1376
-1380
-1385
-1389
-1394
-1398
-1402
-1407
-1411
-1415
-1420
-1424
-1428
-1433
-1437
-1441
-1446
-1450
-1454
-1458
-1463
-1467
-1471
-1475
-1480
-1484
-1488
-1492
-1496
-1501
-1505
-1509
-1513
-1517
-1521
-1525
-1530
-1534
-1538
-1542
-1546
-1550
-1554
-1558
-1562
-1566
-1570
-1574
-1578
-1582
-1586
-1590
-1594
-1598
-1602
-1606
-1610
-1614
-1618
-1622
-1626
-1630
-1633
-1637
-1641
-1645
-1649
-1653
-1657
-1660
-1664
-1668
-1672
-1676
-1679
-1683
-1687
-1691
-1695
-1698
-1702
-1706
-1710
-1713
-1717
-1721
-1724
-1728
-1732
-1735
-1739
-1743
-1746
-1750
-1754
-1757
-1761
-1764
-1768
-1772
-1775
-1779
-1782
-1786
-1789
-1793
-1796
-1800
-1803
-1807
-1810
-1814
-1817
-1821
-1824
-1828
-1831
-1835
-1838
-1841
-1845
-1848
-1852
-1855
-1858
-1862
-1865
-1869
-1872
-1875
-1879
-1882
-1885
-1888
-1892
-1895
-1898
-1902
-1905
-1908
-1911
-1915
-1918
-1921
-1924
-1928
-1931
-1934
-1937
-1940
-1944
-1947
-1950
-1953
-1956
-1959
-1962
-1966
-1969
-1972
-1975
-1978
-1981
-1984
-1987
-1990
-1993
-1996
-1999
-2002
-2005
-2008
-2011
-2014
-2017
-2020
-2023
-2026
-2029
-2032
-2035
-2038
-2041
-2044
-2047
-2050
-2053
-2055
-2058
-2061
-2064
-2067
-2070
-2073
-2075
-2078
-2081
-2084
-2087
-2090
-2092
-2095
-2098
-2101
-2103
-2106
-2109
-2112
-2114
-2117
-2120
-2123
-2125
-2128
-2131
-2133
-2136
-2139
-2141
-2144
-2147
-2149
-2152
-2154
-2157
-2160
-2162
-2165
-2167
-2170
-2173
-2175
-2178
-2180
-2183
-2185
-2188
-2190
-2193
-2195
-2198
-2200
-2203
-2205
-2208
-2210
-2213
-2215
-2218
-2220
-2222
-2225
-2227
-2230
-2232
-2234
-2237
-2239
-2242
-2244
-2246
-2249
-2251
-2253
-2256
-2258
-2260
-2263
-2265
-2267
-2269
-2272
-2274
-2276
-2278
-2281
-2283
-2285
-2287
-2290
-2292
-2294
-2296
-2298
-2301
-2303
-2305
-2307
-2309
-2311
-2314
-2316
-2318
-2320
-2322
-2324
-2326
-2328
-2330
-2333
-2335
-2337
-2339
-2341
-2343
-2345
-2347
-2349
-2351
-2353
-2355
-2357
-2359
-2361
-2363
-2365
-2367
-2369
-2371
-2373
-2375
-2377
-2379
-2381
-2382
-2384
-2386
-2388
-2390
-2392
-2394
-2396
-2397
-2399
-2401
-2403
-2405
-2407
-2409
-2410
-2412
-2414
-2416
-2418
-2419
-2421
-2423
-2425
-2426
-2428
-2430
-2432
-2433
-2435
-2437
-2439
-2440
-2442
-2444
-2445
-2447
-2449
-2450
-2452
-2454
-2455
-2457
-2459
-2460
-2462
-2463
-2465
-2467
-2468
-2470
-2471
-2473
-2475
-2476
-2478
-2479
-2481
-2482
-2484
-2485
-2487
-2488
-2490
-2491
-2493
-2494
-2496
-2497
-2499
-2500
-2502
-2503
-2505
-2506
-2508
-2509
-2510
-2512
-2513
-2515
-2516
-2518
-2519
-2520
-2522
-2523
-2524
-2526
-2527
-2528
-2530
-2531
-2532
-2534
-2535
-2536
-2538
-2539
-2540
-2542
-2543
-2544
-2545
-2547
-2548
-2549
-2550
-2552
-2553
-2554
-2555
-2557
-2558
-2559
-2560
-2561
-2563
-2564
-2565
-2566
-2567
-2568
-2570
-2571
-2572
-2573
-2574
-2575
-2576
-2577
-2579
-2580
-2581
-2582
-2583
-2584
-2585
-2586
-2587
-2588
-2589
-2590
-2591
-2592
-2593
-2595
-2596
-2597
-2598
-2599
-2600
-2601
-2602
-2602
-2603
-2604
-2605
-2606
-2607
-2608
-2609
-2610
-2611
-2612
-2613
-2614
-2615
-2616
-2616
-2617
-2618
-2619
-2620
-2621
-2622
-2623
-2623
-2624
-2625
-2626
-2627
-2628
-2628
-2629
-2630
-2631
-2632
-2632
-2633
-2634
-2635
-2636
-2636
-2637
-2638
-2639
-2639
-2640
-2641
-2642
-2642
-2643
-2644
-2644
-2645
-2646
-2647
-2647
-2648
-2649
-2649
-2650
-2651
-2651
-2652
-2653
-2653
-2654
-2654
-2655
-2656
-2656
-2657
-2657
-2658
-2659
-2659
-2660
-2660
-2661
-2662
-2662
-2663
-2663
-2664
-2664
-2665
-2665
-2666
-2666
-2667
-2668
-2668
-2669
-2669
-2670
-2670
-2671
-2671
-2671
-2672
-2672
-2673
-2673
-2674
-2674
-2675
-2675
-2676
-2676
-2676
-2677
-2677
-2678
-2678
-2678
-2679
-2679
-2680
-2680
-2680
-2681
-2681
-2681
-2682
-2682
-2682
-2683
-2683
-2684
-2684
-2684
-2684
-2685
-2685
-2685
-2686
-2686
-2686
-2687
-2687
-2687
-2687
-2688
-2688
-2688
-2688
-2689
-2689
-2689
-2689
-2690
-2690
-2690
-2690
-2691
-2691
-2691
-2691
-2691
-2692
-2692
-2692
-2692
-2692
-2692
-2693
-2693
-2693
-2693
-2693
-2693
-2693
-2694
-2694
-2694
-2694
-2694
-2694
-2694
-2694
-2694
-2695
-2695
-2695
-2695
-2695
-2695
-2695
-2695
-2695
-2695
-2695
-2695
-2695
-2695
-2695
-2695
-2695
-2695
-2695
-2695
-2695
-2695
-2695
-2695
-2695
-2695
-2695
-2695
-2695
-2695
-2695
-2695
-2695
-2695
-2695
-2695
-2695
-2695
-2695
-2695
-2695
-2695
-2695
-2694
-2694
-2694
-2694
-2694
-2694
-2694
-2694
-2694
-2694
-2693
-2693
-2693
-2693
-2693
-2693
-2693
-2692
-2692
-2692
-2692
-2692
-2692
-2691
-2691
-2691
-2691
-2691
-2690
-2690
-2690
-2690
-2690
-2689
-2689
-2689
-2689
-2688
-2688
-2688
-2688
-2687
-2687
-2687
-2687
-2686
-2686
-2686
-2686
-2685
-2685
-2685
-2684
-2684
-2684
-2684
-2683
-2683
-2683
-2682
-2682
-2682
-2681
-2681
-2681
-2680
-2680
-2680
-2679
-2679
-2679
-2678
-2678
-2677
-2677
-2677
-2676
-2676
-2676
-2675
-2675
-2674
-2674
-2674
-2673
-2673
-2672
-2672
-2671
-2671
-2671
-2670
-2670
-2669
-2669
-2668
-2668
-2668
-2667
-2667
-2666
-2666
-2665
-2665
-2664
-2664
-2663
-2663
-2662
-2662
-2661
-2661
-2660
-2660
-2659
-2659
-2658
-2658
-2657
-2657
-2656
-2656
-2655
-2655
-2654
-2653
-2653
-2652
-2652
-2651
-2651
-2650
-2649
-2649
-2648
-2648
-2647
-2647
-2646
-2645
-2645
-2644
-2644
-2643
-2642
-2642
-2641
-2641
-2640
-2639
-2639
-2638
-2637
-2637
-2636
-2635
-2635
-2634
-2634
-2633
-2632
-2632
-2631
-2630
-2630
-2629
-2628
-2627
-2627
-2626
-2625
-2625
-2624
-2623
-2623
-2622
-2621
-2620
-2620
-2619
-2618
-2618
-2617
-2616
-2615
-2615
-2614
-2613
-2612
-2612
-2611
-2610
-2609
-2609
-2608
-2607
-2606
-2606
-2605
-2604
-2603
-2603
-2602
-2601
-2600
-2599
-2599
-2598
-2597
-2596
-2595
-2595
-2594
-2593
-2592
-2591
-2590
-2590
-2589
-2588
-2587
-2586
-2585
-2585
-2584
-2583
-2582
-2581
-2580
-2579
-2579
-2578
-2577
-2576
-2575
-2574
-2573
-2573
-2572
-2571
-2570
-2569
-2568
-2567
-2566
-2565
-2564
-2564
-2563
-2562
-2561
-2560
-2559
-2558
-2557
-2556
-2555
-2554
-2553
-2552
-2552
-2551
-2550
-2549
-2548
-2547
-2546
-2545
-2544
-2543
-2542
-2541
-2540
-2539
-2538
-2537
-2536
-2535
-2534
-2533
-2532
-2531
-2530
-2529
-2528
-2527
-2526
-2525
-2524
-2523
-2522
-2521
-2520
-2519
-2518
-2517
-2516
-2515
-2514
-2513
-2512
-2511
-2510
-2509
-2508
-2507
-2506
-2505
-2504
-2503
-2501
-2500
-2499
-2498
-2497
-2496
-2495
-2494
-2493
-2492
-2491
-2490
-2489
-2487
-2486
-2485
-2484
-2483
-2482
-2481
-2480
-2479
-2478
-2476
-2475
-2474
-2473
-2472
-2471
-2470
-2469
-2468
-2466
-2465
-2464
-2463
-2462
-2461
-2460
-2458
-2457
-2456
-2455
-2454
-2453
-2452
-2450
-2449
-2448
-2447
-2446
-2445
-2443
-2442
-2441
-2440
-2439
-2438
-2436
-2435
-2434
-2433
-2432
-2430
-2429
-2428
-2427
-2426
-2424
-2423
-2422
-2421
-2420
-2418
-2417
-2416
-2415
-2414
-2412
-2411
-2410
-2409
-2407
-2406
-2405
-2404
-2402
-2401
-2400
-2399
-2398
-2396
-2395
-2394
-2393
-2391
-2390
-2389
-2388
-2386
-2385
-2384
-2383
-2381
-2380
-2379
-2377
-2376
-2375
-2374
-2372
-2371
-2370
-2369
-2367
-2366
-2365
-2363
-2362
-2361
-2360
-2358
-2357
-2356
-2354
-2353
-2352
-2350
-2349
-2348
-2347
-2345
-2344
-2343
-2341
-2340
-2339
-2337
-2336
-2335
-2333
-2332
-2331
-2329
-2328
-2327
-2325
-2324
-2323
-2321
-2320
-2319
-2317
-2316
-2315
-2313
-2312
-2311
-2309
-2308
-2307
-2305
-2304
-2302
-2301
-2300
-2298
-2297
-2296
-2294
-2293
-2292
-2290
-2289
-2287
-2286
-2285
-2283
-2282
-2281
-2279
-2278
-2276
-2275
-2274
-2272
-2271
-2269
-2268
-2267
-2265
-2264
-2262
-2261
-2260
-2258
-2257
-2255
-2254
-2253
-2251
-2250
-2248
-2247
-2246
-2244
-2243
-2241
-2240
-2239
-2237
-2236
-2234
-2233
-2231
-2230
-2229
-2227
-2226
-2224
-2223
-2221
-2220
-2218
-2217
-2216
-2214
-2213
-2211
-2210
-2208
-2207
-2206
-2204
-2203
-2201
-2200
-2198
-2197
-2195
-2194
-2192
-2191
-2190
-2188
-2187
-2185
-2184
-2182
-2181
-2179
-2178
-2176
-2175
-2173
-2172
-2170
-2169
-2168
-2166
-2165
-2163
-2162
-2160
-2159
-2157
-2156
-2154
-2153
-2151
-2150
-2148
-2147
-2145
-2144
-2142
-2141
-2139
-2138
-2136
-2135
-2133
-2132
-2130
-2129
-2127
-2126
-2124
-2123
-2121
-2120
-2118
-2117
-2115
-2114
-2112
-2111
-2109
-2108
-2106
-2105
-2103
-2102
-2100
-2099
-2097
-2096
-2094
-2093
-2091
-2090
-2088
-2086
-2085
-2083
-2082
-2080
-2079
-2077
-2076
-2074
-2073
-2071
-2070
-2068
-2067
-2065
-2064
-2062
-2060
-2059
-2057
-2056
-2054
-2053
-2051
-2050
-2048
-2047
-2045
-2043
-2042
-2040
-2039
-2037
-2036
-2034
-2033
-2031
-2030
-2028
-2026
-2025
-2023
-2022
-2020
-2019
-2017
-2016
-2014
-2012
-2011
-2009
-2008
-2006
-2005
-2003
-2002
-2000
-1998
-1997
-1995
-1994
-1992
-1991
-1989
-1987
-1986
-1984
-1983
-1981
-1980
-1978
-1976
-1975
-1973
-1972
-1970
-1969
-1967
-1965
-1964
-1962
-1961
-1959
-1958
-1956
-1954
-1953
-1951
-1950
-1948
-1946
-1945
-1943
-1942
-1940
-1939
-1937
-1935
-1934
-1932
-1931
-1929
-1927
-1926
-1924
-1923
-1921
-1920
-1918
-1916
-1915
-1913
-1912
-1910
-1908
-1907
-1905
-1904
-1902
-1900
-1899
-1897
-1896
-1894
-1892
-1891
-1889
-1888
-1886
-1885
-1883
-1881
-1880
-1878
-1877
-1875
-1873
-1872
-1870
-1869
-1867
-1865
-1864
-1862
-1861
-1859
-1857
-1856
-1854
-1853
-1851
-1849
-1848
-1846
-1845
-1843
-1841
-1840
-1838
-1836
-1835
-1833
-1832
-1830
-1828
-1827
-1825
-1824
-1822
-1820
-1819
-1817
-1816
-1814
-1812
-1811
-1809
-1808
-1806
-1804
-1803
-1801
-1800
-1798
-1796
-1795
-1793
-1791
-1790
-1788
-1787
-1785
-1783
-1782
-1780
-1779
-1777
-1775
-1774
-1772
-1771
-1769
-1767
-1766
-1764
-1762
-1761
-1759
-1758
-1756
-1754
-1753
-1751
-1750
-1748
-1746
-1745
-1743
-1742
-1740
-1738
-1737
-1735
-1733
-1732
-1730
-1729
-1727
-1725
-1724
-1722
-1721
-1719
-1717
-1716
-1714
-1712
-1711
-1709
-1708
-1706
-1704
-1703
-1701
-1700
-1698
-1696
-1695
-1693
-1692
-1690
-1688
-1687
-1685
-1683
-1682
-1680
-1679
-1677
-1675
-1674
-1672
-1671
-1669
-1667
-1666
-1664
-1662
-1661
-1659
-1658
-1656
-1654
-1653
-1651
-1650
-1648
-1646
-1645
-1643
-1642
-1640
-1638
-1637
-1635
-1633
-1632
-1630
-1629
-1627
-1625
-1624
-1622
-1621
-1619
-1617
-1616
-1614
-1613
-1611
-1609
-1608
-1606
-1605
-1603
-1601
-1600
-1598
-1596
-1595
-1593
-1592
-1590
-1588
-1587
-1585
-1584
-1582
-1580
-1579
-1577
-1576
-1574
-1572
-1571
-1569
-1568
-1566
-1564
-1563
-1561
-1560
-1558
-1556
-1555
-1553
-1552
-1550
-1548
-1547
-1545
-1544
-1542
-1540
-1539
-1537
-1536
-1534
-1532
-1531
-1529
-1528
-1526
-1524
-1523
-1521
-1520
-1518
-1517
-1515
-1513
-1512
-1510
-1509
-1507
-1505
-1504
-1502
-1501
-1499
-1497
-1496
-1494
-1493
-1491
-1489
-1488
-1486
-1485
-1483
-1482
-1480
-1478
-1477
-1475
-1474
-1472
-1470
-1469
-1467
-1466
-1464
-1463
-1461
-1459
-1458
-1456
-1455
-1453
-1452
-1450
-1448
-1447
-1445
-1444
-1442
-1440
-1439
-1437
-1436
-1434
-1433
-1431
-1429
-1428
-1426
-1425
-1423
-1422
-1420
-1418
-1417
-1415
-1414
-1412
-1411
-1409
-1408
-1406
-1404
-1403
-1401
-1400
-1398
-1397
-1395
-1393
-1392
-1390
-1389
-1387
-1386
-1384
-1383
-1381
-1379
-1378
-1376
-1375
-1373
-1372
-1370
-1369
-1367
-1365
-1364
-1362
-1361
-1359
-1358
-1356
-1355
-1353
-1352
-1350
-1348
-1347
-1345
-1344
-1342
-1341
-1339
-1338
-1336
-1335
-1333
-1331
-1330
-1328
-1327
-1325
-1324
-1322
-1321
-1319
-1318
-1316
-1315
-1313
-1311
-1310
-1308
-1307
-1305
-1304
-1302
-1301
-1299
-1298
-1296
-1295
-1293
-1292
-1290
-1289
-1287
-1286
-1284
-1282
-1281
-1279
-1278
-1276
-1275
-1273
-1272
-1270
-1269
-1267
-1266
-1264
-1263
-1261
-1260
-1258
-1257
-1255
-1254
-1252
-1251
-1249
-1248
-1246
-1245
-1243
-1242
-1240
-1239
-1237
-1236
-1234
-1233
-1231
-1230
-1228
-1227
-1225
-1224
-1222
-1221
-1219
-1218
-1216
-1215
-1213
-1212
-1210
-1209
-1207
-1206
-1204
-1203
-1201
-1200
-1198
-1197
-1195
-1194
-1192
-1191
-1190
-1188
-1187
-1185
-1184
-1182
-1181
-1179
-1178
-1176
-1175
-1173
-1172
-1170
-1169
-1167
-1166
-1165
-1163
-1162
-1160
-1159
-1157
-1156
-1154
-1153
-1151
-1150
-1148
-1147
-1146
-1144
-1143
-1141
-1140
-1138
-1137
-1135
-1134
-1132
-1131
-1130
-1128
-1127
-1125
-1124
-1122
-1121
-1119
-1118
-1117
-1115
-1114
-1112
-1111
-1109
-1108
-1107
-1105
-1104
-1102
-1101
-1099
-1098
-1097
-1095
-1094
-1092
-1091
-1089
-1088
-1087
-1085
-1084
-1082
-1081
-1079
-1078
-1077
-1075
-1074
-1072
-1071
-1070
-1068
-1067
-1065
-1064
-1062
-1061
-1060
-1058
-1057
-1055
-1054
-1053
-1051
-1050
-1048
-1047
-1046
-1044
-1043
-1041
-1040
-1039
-1037
-1036
-1034
-1033
-1032
-1030
-1029
-1028
-1026
-1025
-1023
-1022
-1021
-1019
-1018
-1016
-1015
-1014
-1012
-1011
-1010
-1008
-1007
-1005
-1004
-1003
-1001
-1000
-999
-997
-996
-995
-993
-992
-990
-989
-988
-986
-985
-984
-982
-981
-980
-978
-977
-975
-974
-973
-971
-970
-969
-967
-966
-965
-963
-962
-961
-959
-958
-957
-955
-954
-953
-951
-950
-949
-947
-946
-945
-943
-942
-941
-939
-938
-937
-935
-934
-933
-931
-930
-929
-927
-926
-925
-923
-922
-921
-920
-918
-917
-916
-914
-913
-912
-910
-909
-908
-906
-905
-904
-903
-901
-900
-899
-897
-896
-895
-893
-892
-891
-890
-888
-887
-886
-884
-883
-882
-881
-879
-878
-877
-875
-874
-873
-872
-870
-869
-868
-866
-865
-864
-863
-861
-860
-859
-858
-856
-855
-854
-853
-851
-850
-849
-847
-846
-845
-844
-842
-841
-840
-839
-837
-836
-835
-834
-832
-831
-830
-829
-827
-826
-825
-824
-823
-821
-820
-819
-818
-816
-815
-814
-813
-811
-810
-809
-808
-806
-805
-804
-803
-802
-800
-799
-798
-797
-796
-794
-793
-792
-791
-789
-788
-787
-786
-785
-783
-782
-781
-780
-779
-777
-776
-775
-774
-773
-771
-770
-769
-768
-767
-765
-764
-763
-762
-761
-759
-758
-757
-756
-755
-754
-752
-751
-750
-749
-748
-746
-745
-744
-743
-742
-741
-739
-738
-737
-736
-735
-734
-732
-731
-730
-729
-728
-727
-726
-724
-723
-722
-721
-720
-719
-717
-716
-715
-714
-713
-712
-711
-709
-708
-707
-706
-705
-704
-703
-701
-700
-699
-698
-697
-696
-695
-694
-692
-691
-690
-689
-688
-687
-686
-685
-683
-682
-681
-680
-679
-678
-677
-676
-675
-673
-672
-671
-670
-669
-668
-667
-666
-665
-664
-662
-661
-660
-659
-658
-657
-656
-655
-654
-653
-652
-650
-649
-648
-647
-646
-645
-644
-643
-642
-641
-640
-639
-638
-636
-635
-634
-633
-632
-631
-630
-629
-628
-627
-626
-625
-624
-623
-622
-621
-619
-618
-617
-616
-615
-614
-613
-612
-611
-610
-609
-608
-607
-606
-605
-604
-603
-602
-601
-600
-599
-598
-597
-596
-594
-593
-592
-591
-590
-589
-588
-587
-586
-585
-584
-583
-582
-581
-580
-579
-578
-577
-576
-575
-574
-573
-572
-571
-570
-569
-568
-567
-566
-565
-564
-563
-562
-561
-560
-559
-558
-557
-556
-555
-554
-553
-552
-551
-550
-549
-548
-547
-546
-545
-544
-543
-542
-542
-541
-540
-539
-538
-537
-536
-535
-534
-533
-532
-531
-530
-529
-528
-527
-526
-525
-524
-523
-522
-521
-520
-519
-518
-518
-517
-516
-515
-514
-513
-512
-511
-510
-509
-508
-507
-506
-505
-504
-504
-503
-502
-501
-500
-499
-498
-497
-496
-495
-494
-493
-492
-492
-491
-490
-489
-488
-487
-486
-485
-484
-483
-482
-482
-481
-480
-479
-478
-477
-476
-475
-474
-473
-473
-472
-471
-470
-469
-468
-467
-466
-465
-465
-464
-463
-462
-461
-460
-459
-458
-458
-457
-456
-455
-454
-453
-452
-451
-451
-450
-449
-448
-447
-446
-445
-445
-444
-443
-442
-441
-440
-439
-439
-438
-437
-436
-435
-434
-433
-433
-432
-431
-430
-429
-428
-428
-427
-426
-425
-424
-423
-423
-422
-421
-420
-419
-418
-418
-417
-416
-415
-414
-413
-413
-412
-411
-410
-409
-409
-408
-407
-406
-405
-405
-404
-403
-402
-401
-400
-400
-399
-398
-397
-396
-396
-395
-394
-393
-393
-392
-391
-390
-389
-389
-388
-387
-386
-385
-385
-384
-383
-382
-382
-381
-380
-379
-378
-378
-377
-376
-375
-375
-374
-373
-372
-371
-371
-370
-369
-368
-368
-367
-366
-365
-365
-364
-363
-362
-362
-361
-360
-359
-359
-358
-357
-356
-356
-355
-354
-353
-353
-352
-351
-350
-350
-349
-348
-348
-347
-346
-345
-345
-344
-343
-342
-342
-341
-340
-340
-339
-338
-337
-337
-336
-335
-334
-334
-333
-332
-332
-331
-330
-330
-329
-328
-327
-327
-326
-325
-325
-324
-323
-322
-322
-321
-320
-320
-319
-318
-318
-317
-316
-316
-315
-314
-314
-313
-312
-311
-311
-310
-309
-309
-308
-307
-307
-306
-305
-305
-304
-303
-303
-302
-301
-301
-300
-299
-299
-298
-297
-297
-296
-295
-295
-294
-293
-293
-292
-291
-291
-290
-289
-289
-288
-288
-287
-286
-286
-285
-284
-284
-283
-282
-282
-281
-280
-280
-279
-279
-278
-277
-277
-276
-275
-275
-274
-274
-273
-272
-272
-271
-270
-270
-269
-269
-268
-267
-267
-266
-265
-265
-264
-264
-263
-262
-262
-261
-261
-260
-259
-259
-258
-258
-257
-256
-256
-255
-255
-254
-253
-253
-252
-252
-251
-250
-250
-249
-249
-248
-248
-247
-246
-246
-245
-245
-244
-243
-243
-242
-242
-241
-241
-240
-239
-239
-238
-238
-237
-237
-236
-235
-235
-234
-234
-233
-233
-232
-231
-231
-230
-230
-229
-229
-228
-228
-227
-226
-226
-225
-225
-224
-224
-223
-223
-222
-222
-221
-220
-220
-219
-219
-218
-218
-217
-217
-216
-216
-215
-215
-214
-214
-213
-212
-212
-211
-211
-210
-210
-209
-209
-208
-208
-207
-207
-206
-206
-205
-205
-204
-204
-203
-203
-202
-202
-201
-201
-200
-200
-199
-199
-198
-198
-197
-197
-196
-196
-195
-195
-194
-194
-193
-193
-192
-192
-191
-191
-190
-190
-189
-189
-188
-188
-187
-187
-186
-186
-185
-185
-184
-184
-183
-183
-182
-182
-181
-181
-180
-180
-179
-179
-179
-178
-178
-177
-177
-176
-176
-175
-175
-174
-174
-173
-173
-173
-172
-172
-171
-171
-170
-170
-169
-169
-168
-168
-168
-167
-167
-166
-166
-165
-165
-164
-164
-163
-163
-163
-162
-162
-161
-161
-160
-160
-160
-159
-159
-158
-158
-157
-157
-157
-156
-156
-155
-155
-154
-154
-154
-153
-153
-152
-152
-151
-151
-151
-150
-150
-149
-149
-148
-148
-148
-147
-147
-146
-146
-146
-145
-145
-144
-144
-144
-143
-143
-142
-142
-142
-141
-141
-140
-140
-140
-139
-139
-138
-138
-138
-137
-137
-136
-136
-136
-135
-135
-134
-134
-134
-133
-133
-133
-132
-132
-131
-131
-131
-130
-130
-129
-129
-129
-128
-128
-128
-127
-127
-126
-126
-126
-125
-125
-125
-124
-124
-124
-123
-123
-122
-122
-122
-121
-121
-121
-120
-120
-120
-119
-119
-118
-118
-118
-117
-117
-117
-116
-116
-116
-115
-115
-115
-114
-114
-114
-113
-113
-113
-112
-112
-112
-111
-111
-110
-110
-110
-109
-109
-109
-108
-108
-108
-107
-107
-107
-106
-106
-106
-105
-105
-105
-104
-104
-104
-104
-103
-103
-103
-102
-102
-102
-101
-101
-101
-100
-100
-100
-99
-99
-99
-98
-98
-98
-97
-97
-97
-97
-96
-96
-96
-95
-95
-95
-94
-94
-94
-93
-93
-93
-93
-92
-92
-92
-91
-91
-91
-90
-90
-90
-90
-89
-89
-89
-88
-88
-88
-88
-87
-87
-87
-86
-86
-86
-86
-85
-85
-85
-84
-84
-84
-84
-83
-83
-83
-82
-82
-82
-82
-81
-81
-81
-81
-80
-80
-80
-79
-79
-79
-79
-78
-78
-78
-78
-77
-77
-77
-76
-76
-76
-76
-75
-75
-75
-75
-74
-74
-74
-74
-73
-73
-73
-73
-72
-72
-72
-72
-71
-71
-71
-71
-70
-70
-70
-70
-69
-69
-69
-69
-68
-68
-68
-68
-67
-67
-67
-67
-66
-66
-66
-66
-65
-65
-65
-65
-64
-64
-64
-64
-64
-63
-63
-63
-63
-62
-62
-62
-62
-61
-61
-61
-61
-61
-60
-60
-60
-60
-59
-59
-59
-59
-59
-58
-58
-58
-58
-57
-57
-57
-57
-57
-56
-56
-56
-56
-55
-55
-55
-55
-55
-54
-54
-54
-54
-54
-53
-53
-53
-53
-53
-52
-52
-52
-52
-52
-51
-51
-51
-51
-51
-50
-50
-50
-50
-50
-49
-49
-49
-49
-49
-48
-48
-48
-48
-48
-47
-47
-47
-47
-47
-46
-46
-46
-46
-46
-45
-45
-45
-45
-45
-45
-44
-44
-44
-44
-44
-43
-43
-43
-43
-43
-43
-42
-42
-42
-42
-42
-41
-41
-41
-41
-41
-41
-40
-40
-40
-40
-40
-40
-39
-39
-39
-39
-39
-39
-38
-38
-38
-38
-38
-38
-37
-37
-37
-37
-37
-37
-36
-36
-36
-36
-36
-36
-35
-35
-35
-35
-35
-35
-34
-34
-34
-34
-34
-34
-34
-33
-33
-33
-33
-33
-33
-32
-32
-32
-32
-32
-32
-32
-31
-31
-31
-31
-31
-31
-31
-30
-30
-30
-30
-30
-30
-30
-29
-29
-29
-29
-29
-29
-29
-28
-28
-28
-28
-28
-28
-28
-28
-27
-27
-27
-27
-27
-27
-27
-26
-26
-26
-26
-26
-26
-26
-26
-25
-25
-25
-25
-25
-25
-25
-25
-24
-24
-24
-24
-24
-24
-24
-24
-23
-23
-23
-23
-23
-23
-23
-23
-22
-22
-22
-22
-22
-22
-22
-22
-21
-21
-21
-21
-21
-21
-21
-21
-21
-20
-20
-20
-20
-20
-20
-20
-20
-20
-19
-19
-19
-19
-19
-19
-19
-19
-19
-18
-18
-18
-18
-18
-18
-18
-18
-18
-18
-17
-17
-17
-17
-17
-17
-17
-17
-17
-17
-16
-16
-16
-16
-16
-16
-16
-16
-16
-16
-15
-15
-15
-15
-15
-15
-15
-15
-15
-15
-15
-14
-14
-14
-14
-14
-14
-14
-14
-14
-14
-14
-13
-13
-13
-13
-13
-13
-13
-13
-13
-13
-13
-13
-12
-12
-12
-12
-12
-12
-12
-12
-12
-12
-12
-12
-11
-11
-11
-11
-11
-11
-11
-11
-11
-11
-11
-11
-11
-10
-10
-10
-10
-10
-10
-10
-10
-10
-10
-10
-10
-10
-10
-9
-9
-9
-9
-9
-9
-9
-9
-9
-9
-9
-9
-9
-9
-8
-8
-8
-8
-8
-8
-8
-8
-8
-8
-8
-8
-8
-8
-8
-7
-7
-7
-7
-7
-7
-7
-7
-7
-7
-7
-7
-7
-7
-7
-7
-7
-6
-6
-6
-6
-6
-6
-6
-6
-6
-6
-6
-6
-6
-6
-6
-6
-6
-6
-5
-5
-5
-5
-5
-5
-5
-5
-5
-5
-5
-5
-5
-5
-5
-5
-5
-5
-5
-4
-4
-4
-4
-4
-4
-4
-4
-4
-4
-4
-4
-4
-4
-4
-4
-4
-4
-4
-4
-4
-4
-3
-3
-3
-3
-3
-3
-3
-3
-3
-3
-3
-3
-3
-3
-3
-3
-3
-3
-3
-3
-3
-3
-3
-3
-2
-2
-2
-2
-2
-2
-2
-2
-2
-2
-2
-2
-2
-2
-2
-2
-2
-2
-2
-2
-2
-2
-2
-2
-2
-2
-2
-2
-2
-1
-1
-1
-1
-1
-1
-1
-1
-1
-1
-1
-1
-1
-1
-1
-1
-1
-1
-1
-1
-1
-1
-1
-1
-1
-1
-1
-1
-1
-1
-1
-1
-1
-1
-1
0
0
0
0
0
0
0
0
0
0
0
0
0
0
0
0
0
0
0
0
0
