# proj020 pfb4: sinc x kaiser(beta=5.0), bw=1.198, L=16384, sum h^2 = 4096, Q16 18 bit signed. 生成: model/pfb4.py gen。手で直さない
362
362
363
363
364
364
364
365
365
366
366
367
367
368
368
369
369
370
370
371
371
372
372
373
373
374
374
375
375
376
376
376
377
377
378
378
379
379
380
380
381
381
382
382
383
383
384
384
385
385
385
386
386
387
387
388
388
389
389
390
390
391
391
392
392
393
393
393
394
394
395
395
396
396
397
397
398
398
399
399
400
400
400
401
401
402
402
403
403
404
404
405
405
406
406
406
407
407
408
408
409
409
410
410
411
411
411
412
412
413
413
414
414
415
415
416
416
416
417
417
418
418
419
419
420
420
420
421
421
422
422
423
423
424
424
424
425
425
426
426
427
427
428
428
428
429
429
430
430
431
431
432
432
432
433
433
434
434
435
435
435
436
436
437
437
438
438
438
439
439
440
440
441
441
441
442
442
443
443
444
444
444
445
445
446
446
447
447
447
448
448
449
449
449
450
450
451
451
452
452
452
453
453
454
454
454
455
455
456
456
456
457
457
458
458
458
459
459
460
460
460
461
461
462
462
462
463
463
464
464
464
465
465
466
466
466
467
467
468
468
468
469
469
470
470
470
471
471
471
472
472
473
473
473
474
474
475
475
475
476
476
476
477
477
478
478
478
479
479
479
480
480
481
481
481
482
482
482
483
483
483
484
484
485
485
485
486
486
486
487
487
487
488
488
488
489
489
489
490
490
491
491
491
492
492
492
493
493
493
494
494
494
495
495
495
496
496
496
497
497
497
498
498
498
499
499
499
500
500
500
501
501
501
502
502
502
503
503
503
504
504
504
504
505
505
505
506
506
506
507
507
507
508
508
508
509
509
509
509
510
510
510
511
511
511
511
512
512
512
513
513
513
514
514
514
514
515
515
515
516
516
516
516
517
517
517
517
518
518
518
519
519
519
519
520
520
520
520
521
521
521
522
522
522
522
523
523
523
523
524
524
524
524
525
525
525
525
526
526
526
526
527
527
527
527
528
528
528
528
528
529
529
529
529
530
530
530
530
531
531
531
531
531
532
532
532
532
532
533
533
533
533
534
534
534
534
534
535
535
535
535
535
536
536
536
536
536
537
537
537
537
537
538
538
538
538
538
538
539
539
539
539
539
540
540
540
540
540
540
541
541
541
541
541
541
542
542
542
542
542
542
542
543
543
543
543
543
543
544
544
544
544
544
544
544
544
545
545
545
545
545
545
545
546
546
546
546
546
546
546
546
547
547
547
547
547
547
547
547
547
548
548
548
548
548
548
548
548
548
548
549
549
549
549
549
549
549
549
549
549
549
549
550
550
550
550
550
550
550
550
550
550
550
550
550
550
550
551
551
551
551
551
551
551
551
551
551
551
551
551
551
551
551
551
551
551
551
551
551
551
551
551
551
551
552
552
552
552
552
552
552
552
552
552
552
552
552
552
552
552
552
552
552
552
552
552
552
552
552
551
551
551
551
551
551
551
551
551
551
551
551
551
551
551
551
551
551
551
551
551
551
551
551
551
551
550
550
550
550
550
550
550
550
550
550
550
550
550
550
550
549
549
549
549
549
549
549
549
549
549
549
548
548
548
548
548
548
548
548
548
547
547
547
547
547
547
547
547
546
546
546
546
546
546
546
546
545
545
545
545
545
545
545
544
544
544
544
544
544
543
543
543
543
543
543
542
542
542
542
542
542
541
541
541
541
541
540
540
540
540
540
539
539
539
539
539
538
538
538
538
538
537
537
537
537
536
536
536
536
535
535
535
535
535
534
534
534
534
533
533
533
533
532
532
532
532
531
531
531
530
530
530
530
529
529
529
529
528
528
528
527
527
527
526
526
526
526
525
525
525
524
524
524
523
523
523
522
522
522
522
521
521
521
520
520
520
519
519
518
518
518
517
517
517
516
516
516
515
515
515
514
514
513
513
513
512
512
512
511
511
510
510
510
509
509
508
508
508
507
507
506
506
506
505
505
504
504
504
503
503
502
502
501
501
501
500
500
499
499
498
498
497
497
497
496
496
495
495
494
494
493
493
492
492
491
491
490
490
489
489
488
488
488
487
487
486
486
485
484
484
483
483
482
482
481
481
480
480
479
479
478
478
477
477
476
476
475
474
474
473
473
472
472
471
471
470
469
469
468
468
467
467
466
465
465
464
464
463
462
462
461
461
460
459
459
458
458
457
456
456
455
455
454
453
453
452
451
451
450
449
449
448
448
447
446
446
445
444
444
443
442
442
441
440
440
439
438
438
437
436
436
435
434
433
433
432
431
431
430
429
429
428
427
426
426
425
424
423
423
422
421
421
420
419
418
418
417
416
415
415
414
413
412
411
411
410
409
408
408
407
406
405
404
404
403
402
401
401
400
399
398
397
396
396
395
394
393
392
392
391
390
389
388
387
387
386
385
384
383
382
381
381
380
379
378
377
376
375
375
374
373
372
371
370
369
368
367
367
366
365
364
363
362
361
360
359
358
357
357
356
355
354
353
352
351
350
349
348
347
346
345
344
343
342
341
340
339
338
338
337
336
335
334
333
332
331
330
329
328
327
326
325
324
323
322
321
320
318
317
316
315
314
313
312
311
310
309
308
307
306
305
304
303
302
301
300
299
297
296
295
294
293
292
291
290
289
288
287
285
284
283
282
281
280
279
278
277
275
274
273
272
271
270
269
267
266
265
264
263
262
260
259
258
257
256
255
253
252
251
250
249
247
246
245
244
243
241
240
239
238
237
235
234
233
232
231
229
228
227
226
224
223
222
221
219
218
217
216
214
213
212
210
209
208
207
205
204
203
201
200
199
198
196
195
194
192
191
190
188
187
186
184
183
182
180
179
178
176
175
174
172
171
170
168
167
165
164
163
161
160
159
157
156
154
153
152
150
149
147
146
145
143
142
140
139
137
136
135
133
132
130
129
127
126
125
123
122
120
119
117
116
114
113
111
110
108
107
105
104
102
101
99
98
96
95
93
92
90
89
87
86
84
83
81
80
78
77
75
73
72
70
69
67
66
64
63
61
59
58
56
55
53
51
50
48
47
45
43
42
40
39
37
35
34
32
31
29
27
26
24
22
21
19
17
16
14
12
11
9
7
6
4
2
1
-1
-3
-4
-6
-8
-9
-11
-13
-15
-16
-18
-20
-21
-23
-25
-27
-28
-30
-32
-33
-35
-37
-39
-40
-42
-44
-46
-48
-49
-51
-53
-55
-56
-58
-60
-62
-64
-65
-67
-69
-71
-73
-74
-76
-78
-80
-82
-83
-85
-87
-89
-91
-93
-94
-96
-98
-100
-102
-104
-106
-107
-109
-111
-113
-115
-117
-119
-121
-122
-124
-126
-128
-130
-132
-134
-136
-138
-140
-141
-143
-145
-147
-149
-151
-153
-155
-157
-159
-161
-163
-165
-167
-169
-171
-173
-175
-176
-178
-180
-182
-184
-186
-188
-190
-192
-194
-196
-198
-200
-202
-204
-206
-208
-210
-213
-215
-217
-219
-221
-223
-225
-227
-229
-231
-233
-235
-237
-239
-241
-243
-245
-247
-250
-252
-254
-256
-258
-260
-262
-264
-266
-268
-271
-273
-275
-277
-279
-281
-283
-285
-288
-290
-292
-294
-296
-298
-300
-303
-305
-307
-309
-311
-313
-316
-318
-320
-322
-324
-327
-329
-331
-333
-335
-338
-340
-342
-344
-346
-349
-351
-353
-355
-358
-360
-362
-364
-367
-369
-371
-373
-376
-378
-380
-382
-385
-387
-389
-391
-394
-396
-398
-401
-403
-405
-408
-410
-412
-414
-417
-419
-421
-424
-426
-428
-431
-433
-435
-438
-440
-443
-445
-447
-450
-452
-454
-457
-459
-461
-464
-466
-469
-471
-473
-476
-478
-481
-483
-485
-488
-490
-493
-495
-497
-500
-502
-505
-507
-510
-512
-515
-517
-519
-522
-524
-527
-529
-532
-534
-537
-539
-542
-544
-547
-549
-552
-554
-557
-559
-562
-564
-567
-569
-572
-574
-577
-579
-582
-584
-587
-589
-592
-594
-597
-600
-602
-605
-607
-610
-612
-615
-617
-620
-623
-625
-628
-630
-633
-636
-638
-641
-643
-646
-649
-651
-654
-656
-659
-662
-664
-667
-670
-672
-675
-677
-680
-683
-685
-688
-691
-693
-696
-699
-701
-704
-707
-709
-712
-715
-718
-720
-723
-726
-728
-731
-734
-736
-739
-742
-745
-747
-750
-753
-756
-758
-761
-764
-767
-769
-772
-775
-778
-780
-783
-786
-789
-791
-794
-797
-800
-803
-805
-808
-811
-814
-817
-819
-822
-825
-828
-831
-833
-836
-839
-842
-845
-848
-850
-853
-856
-859
-862
-865
-868
-870
-873
-876
-879
-882
-885
-888
-890
-893
-896
-899
-902
-905
-908
-911
-914
-917
-919
-922
-925
-928
-931
-934
-937
-940
-943
-946
-949
-952
-955
-958
-961
-964
-967
-970
-972
-975
-978
-981
-984
-987
-990
-993
-996
-999
-1002
-1005
-1008
-1011
-1014
-1017
-1020
-1023
-1026
-1029
-1033
-1036
-1039
-1042
-1045
-1048
-1051
-1054
-1057
-1060
-1063
-1066
-1069
-1072
-1075
-1078
-1081
-1085
-1088
-1091
-1094
-1097
-1100
-1103
-1106
-1109
-1112
-1116
-1119
-1122
-1125
-1128
-1131
-1134
-1137
-1141
-1144
-1147
-1150
-1153
-1156
-1159
-1163
-1166
-1169
-1172
-1175
-1178
-1182
-1185
-1188
-1191
-1194
-1197
-1201
-1204
-1207
-1210
-1213
-1217
-1220
-1223
-1226
-1230
-1233
-1236
-1239
-1242
-1246
-1249
-1252
-1255
-1259
-1262
-1265
-1268
-1272
-1275
-1278
-1282
-1285
-1288
-1291
-1295
-1298
-1301
-1304
-1308
-1311
-1314
-1318
-1321
-1324
-1328
-1331
-1334
-1338
-1341
-1344
-1347
-1351
-1354
-1357
-1361
-1364
-1368
-1371
-1374
-1378
-1381
-1384
-1388
-1391
-1394
-1398
-1401
-1404
-1408
-1411
-1415
-1418
-1421
-1425
-1428
-1432
-1435
-1438
-1442
-1445
-1449
-1452
-1455
-1459
-1462
-1466
-1469
-1473
-1476
-1480
-1483
-1486
-1490
-1493
-1497
-1500
-1504
-1507
-1511
-1514
-1518
-1521
-1524
-1528
-1531
-1535
-1538
-1542
-1545
-1549
-1552
-1556
-1559
-1563
-1566
-1570
-1573
-1577
-1580
-1584
-1588
-1591
-1595
-1598
-1602
-1605
-1609
-1612
-1616
-1619
-1623
-1627
-1630
-1634
-1637
-1641
-1644
-1648
-1652
-1655
-1659
-1662
-1666
-1669
-1673
-1677
-1680
-1684
-1687
-1691
-1695
-1698
-1702
-1706
-1709
-1713
-1716
-1720
-1724
-1727
-1731
-1735
-1738
-1742
-1746
-1749
-1753
-1756
-1760
-1764
-1767
-1771
-1775
-1778
-1782
-1786
-1790
-1793
-1797
-1801
-1804
-1808
-1812
-1815
-1819
-1823
-1826
-1830
-1834
-1838
-1841
-1845
-1849
-1852
-1856
-1860
-1864
-1867
-1871
-1875
-1879
-1882
-1886
-1890
-1894
-1897
-1901
-1905
-1909
-1912
-1916
-1920
-1924
-1928
-1931
-1935
-1939
-1943
-1947
-1950
-1954
-1958
-1962
-1966
-1969
-1973
-1977
-1981
-1985
-1988
-1992
-1996
-2000
-2004
-2008
-2011
-2015
-2019
-2023
-2027
-2031
-2034
-2038
-2042
-2046
-2050
-2054
-2058
-2061
-2065
-2069
-2073
-2077
-2081
-2085
-2089
-2092
-2096
-2100
-2104
-2108
-2112
-2116
-2120
-2124
-2128
-2131
-2135
-2139
-2143
-2147
-2151
-2155
-2159
-2163
-2167
-2171
-2175
-2179
-2183
-2187
-2190
-2194
-2198
-2202
-2206
-2210
-2214
-2218
-2222
-2226
-2230
-2234
-2238
-2242
-2246
-2250
-2254
-2258
-2262
-2266
-2270
-2274
-2278
-2282
-2286
-2290
-2294
-2298
-2302
-2306
-2310
-2314
-2318
-2322
-2326
-2330
-2334
-2338
-2342
-2346
-2350
-2354
-2358
-2362
-2367
-2371
-2375
-2379
-2383
-2387
-2391
-2395
-2399
-2403
-2407
-2411
-2415
-2419
-2424
-2428
-2432
-2436
-2440
-2444
-2448
-2452
-2456
-2460
-2464
-2469
-2473
-2477
-2481
-2485
-2489
-2493
-2497
-2501
-2506
-2510
-2514
-2518
-2522
-2526
-2530
-2535
-2539
-2543
-2547
-2551
-2555
-2559
-2564
-2568
-2572
-2576
-2580
-2584
-2589
-2593
-2597
-2601
-2605
-2609
-2614
-2618
-2622
-2626
-2630
-2635
-2639
-2643
-2647
-2651
-2656
-2660
-2664
-2668
-2672
-2677
-2681
-2685
-2689
-2693
-2698
-2702
-2706
-2710
-2715
-2719
-2723
-2727
-2732
-2736
-2740
-2744
-2748
-2753
-2757
-2761
-2765
-2770
-2774
-2778
-2782
-2787
-2791
-2795
-2800
-2804
-2808
-2812
-2817
-2821
-2825
-2829
-2834
-2838
-2842
-2847
-2851
-2855
-2859
-2864
-2868
-2872
-2877
-2881
-2885
-2890
-2894
-2898
-2903
-2907
-2911
-2915
-2920
-2924
-2928
-2933
-2937
-2941
-2946
-2950
-2954
-2959
-2963
-2967
-2972
-2976
-2980
-2985
-2989
-2993
-2998
-3002
-3006
-3011
-3015
-3020
-3024
-3028
-3033
-3037
-3041
-3046
-3050
-3054
-3059
-3063
-3068
-3072
-3076
-3081
-3085
-3089
-3094
-3098
-3103
-3107
-3111
-3116
-3120
-3125
-3129
-3133
-3138
-3142
-3147
-3151
-3155
-3160
-3164
-3169
-3173
-3177
-3182
-3186
-3191
-3195
-3200
-3204
-3208
-3213
-3217
-3222
-3226
-3231
-3235
-3239
-3244
-3248
-3253
-3257
-3262
-3266
-3270
-3275
-3279
-3284
-3288
-3293
-3297
-3302
-3306
-3311
-3315
-3319
-3324
-3328
-3333
-3337
-3342
-3346
-3351
-3355
-3360
-3364
-3369
-3373
-3378
-3382
-3387
-3391
-3395
-3400
-3404
-3409
-3413
-3418
-3422
-3427
-3431
-3436
-3440
-3445
-3449
-3454
-3458
-3463
-3467
-3472
-3476
-3481
-3485
-3490
-3494
-3499
-3503
-3508
-3512
-3517
-3521
-3526
-3530
-3535
-3539
-3544
-3549
-3553
-3558
-3562
-3567
-3571
-3576
-3580
-3585
-3589
-3594
-3598
-3603
-3607
-3612
-3616
-3621
-3626
-3630
-3635
-3639
-3644
-3648
-3653
-3657
-3662
-3666
-3671
-3676
-3680
-3685
-3689
-3694
-3698
-3703
-3707
-3712
-3716
-3721
-3726
-3730
-3735
-3739
-3744
-3748
-3753
-3758
-3762
-3767
-3771
-3776
-3780
-3785
-3790
-3794
-3799
-3803
-3808
-3812
-3817
-3822
-3826
-3831
-3835
-3840
-3844
-3849
-3854
-3858
-3863
-3867
-3872
-3876
-3881
-3886
-3890
-3895
-3899
-3904
-3909
-3913
-3918
-3922
-3927
-3932
-3936
-3941
-3945
-3950
-3955
-3959
-3964
-3968
-3973
-3977
-3982
-3987
-3991
-3996
-4000
-4005
-4010
-4014
-4019
-4023
-4028
-4033
-4037
-4042
-4047
-4051
-4056
-4060
-4065
-4070
-4074
-4079
-4083
-4088
-4093
-4097
-4102
-4106
-4111
-4116
-4120
-4125
-4129
-4134
-4139
-4143
-4148
-4153
-4157
-4162
-4166
-4171
-4176
-4180
-4185
-4189
-4194
-4199
-4203
-4208
-4213
-4217
-4222
-4226
-4231
-4236
-4240
-4245
-4249
-4254
-4259
-4263
-4268
-4273
-4277
-4282
-4286
-4291
-4296
-4300
-4305
-4310
-4314
-4319
-4323
-4328
-4333
-4337
-4342
-4347
-4351
-4356
-4360
-4365
-4370
-4374
-4379
-4383
-4388
-4393
-4397
-4402
-4407
-4411
-4416
-4420
-4425
-4430
-4434
-4439
-4444
-4448
-4453
-4457
-4462
-4467
-4471
-4476
-4481
-4485
-4490
-4494
-4499
-4504
-4508
-4513
-4517
-4522
-4527
-4531
-4536
-4541
-4545
-4550
-4554
-4559
-4564
-4568
-4573
-4578
-4582
-4587
-4591
-4596
-4601
-4605
-4610
-4614
-4619
-4624
-4628
-4633
-4637
-4642
-4647
-4651
-4656
-4661
-4665
-4670
-4674
-4679
-4684
-4688
-4693
-4697
-4702
-4707
-4711
-4716
-4720
-4725
-4730
-4734
-4739
-4743
-4748
-4753
-4757
-4762
-4766
-4771
-4776
-4780
-4785
-4789
-4794
-4799
-4803
-4808
-4812
-4817
-4822
-4826
-4831
-4835
-4840
-4845
-4849
-4854
-4858
-4863
-4867
-4872
-4877
-4881
-4886
-4890
-4895
-4900
-4904
-4909
-4913
-4918
-4922
-4927
-4932
-4936
-4941
-4945
-4950
-4954
-4959
-4964
-4968
-4973
-4977
-4982
-4986
-4991
-4995
-5000
-5005
-5009
-5014
-5018
-5023
-5027
-5032
-5036
-5041
-5046
-5050
-5055
-5059
-5064
-5068
-5073
-5077
-5082
-5086
-5091
-5096
-5100
-5105
-5109
-5114
-5118
-5123
-5127
-5132
-5136
-5141
-5145
-5150
-5154
-5159
-5163
-5168
-5173
-5177
-5182
-5186
-5191
-5195
-5200
-5204
-5209
-5213
-5218
-5222
-5227
-5231
-5236
-5240
-5245
-5249
-5254
-5258
-5263
-5267
-5272
-5276
-5281
-5285
-5290
-5294
-5299
-5303
-5308
-5312
-5316
-5321
-5325
-5330
-5334
-5339
-5343
-5348
-5352
-5357
-5361
-5366
-5370
-5375
-5379
-5383
-5388
-5392
-5397
-5401
-5406
-5410
-5415
-5419
-5423
-5428
-5432
-5437
-5441
-5446
-5450
-5454
-5459
-5463
-5468
-5472
-5477
-5481
-5485
-5490
-5494
-5499
-5503
-5507
-5512
-5516
-5521
-5525
-5529
-5534
-5538
-5543
-5547
-5551
-5556
-5560
-5565
-5569
-5573
-5578
-5582
-5586
-5591
-5595
-5599
-5604
-5608
-5613
-5617
-5621
-5626
-5630
-5634
-5639
-5643
-5647
-5652
-5656
-5660
-5665
-5669
-5673
-5678
-5682
-5686
-5691
-5695
-5699
-5704
-5708
-5712
-5717
-5721
-5725
-5729
-5734
-5738
-5742
-5747
-5751
-5755
-5760
-5764
-5768
-5772
-5777
-5781
-5785
-5789
-5794
-5798
-5802
-5807
-5811
-5815
-5819
-5824
-5828
-5832
-5836
-5841
-5845
-5849
-5853
-5857
-5862
-5866
-5870
-5874
-5879
-5883
-5887
-5891
-5895
-5900
-5904
-5908
-5912
-5916
-5921
-5925
-5929
-5933
-5937
-5942
-5946
-5950
-5954
-5958
-5962
-5967
-5971
-5975
-5979
-5983
-5987
-5991
-5996
-6000
-6004
-6008
-6012
-6016
-6020
-6025
-6029
-6033
-6037
-6041
-6045
-6049
-6053
-6057
-6062
-6066
-6070
-6074
-6078
-6082
-6086
-6090
-6094
-6098
-6102
-6106
-6111
-6115
-6119
-6123
-6127
-6131
-6135
-6139
-6143
-6147
-6151
-6155
-6159
-6163
-6167
-6171
-6175
-6179
-6183
-6187
-6191
-6195
-6199
-6203
-6207
-6211
-6215
-6219
-6223
-6227
-6231
-6235
-6239
-6243
-6247
-6251
-6255
-6259
-6263
-6267
-6270
-6274
-6278
-6282
-6286
-6290
-6294
-6298
-6302
-6306
-6310
-6314
-6317
-6321
-6325
-6329
-6333
-6337
-6341
-6345
-6348
-6352
-6356
-6360
-6364
-6368
-6372
-6375
-6379
-6383
-6387
-6391
-6395
-6398
-6402
-6406
-6410
-6414
-6417
-6421
-6425
-6429
-6433
-6436
-6440
-6444
-6448
-6451
-6455
-6459
-6463
-6467
-6470
-6474
-6478
-6481
-6485
-6489
-6493
-6496
-6500
-6504
-6508
-6511
-6515
-6519
-6522
-6526
-6530
-6533
-6537
-6541
-6544
-6548
-6552
-6555
-6559
-6563
-6566
-6570
-6574
-6577
-6581
-6585
-6588
-6592
-6595
-6599
-6603
-6606
-6610
-6613
-6617
-6621
-6624
-6628
-6631
-6635
-6638
-6642
-6645
-6649
-6653
-6656
-6660
-6663
-6667
-6670
-6674
-6677
-6681
-6684
-6688
-6691
-6695
-6698
-6702
-6705
-6709
-6712
-6716
-6719
-6723
-6726
-6729
-6733
-6736
-6740
-6743
-6747
-6750
-6753
-6757
-6760
-6764
-6767
-6770
-6774
-6777
-6781
-6784
-6787
-6791
-6794
-6797
-6801
-6804
-6807
-6811
-6814
-6817
-6821
-6824
-6827
-6831
-6834
-6837
-6841
-6844
-6847
-6850
-6854
-6857
-6860
-6863
-6867
-6870
-6873
-6876
-6880
-6883
-6886
-6889
-6893
-6896
-6899
-6902
-6905
-6909
-6912
-6915
-6918
-6921
-6924
-6928
-6931
-6934
-6937
-6940
-6943
-6946
-6950
-6953
-6956
-6959
-6962
-6965
-6968
-6971
-6974
-6977
-6980
-6984
-6987
-6990
-6993
-6996
-6999
-7002
-7005
-7008
-7011
-7014
-7017
-7020
-7023
-7026
-7029
-7032
-7035
-7038
-7041
-7044
-7047
-7050
-7053
-7056
-7058
-7061
-7064
-7067
-7070
-7073
-7076
-7079
-7082
-7085
-7087
-7090
-7093
-7096
-7099
-7102
-7105
-7107
-7110
-7113
-7116
-7119
-7121
-7124
-7127
-7130
-7133
-7135
-7138
-7141
-7144
-7146
-7149
-7152
-7155
-7157
-7160
-7163
-7166
-7168
-7171
-7174
-7176
-7179
-7182
-7184
-7187
-7190
-7192
-7195
-7198
-7200
-7203
-7206
-7208
-7211
-7213
-7216
-7219
-7221
-7224
-7226
-7229
-7231
-7234
-7237
-7239
-7242
-7244
-7247
-7249
-7252
-7254
-7257
-7259
-7262
-7264
-7267
-7269
-7272
-7274
-7277
-7279
-7281
-7284
-7286
-7289
-7291
-7294
-7296
-7298
-7301
-7303
-7305
-7308
-7310
-7313
-7315
-7317
-7320
-7322
-7324
-7327
-7329
-7331
-7333
-7336
-7338
-7340
-7343
-7345
-7347
-7349
-7352
-7354
-7356
-7358
-7360
-7363
-7365
-7367
-7369
-7371
-7374
-7376
-7378
-7380
-7382
-7384
-7387
-7389
-7391
-7393
-7395
-7397
-7399
-7401
-7403
-7405
-7408
-7410
-7412
-7414
-7416
-7418
-7420
-7422
-7424
-7426
-7428
-7430
-7432
-7434
-7436
-7438
-7440
-7442
-7444
-7446
-7447
-7449
-7451
-7453
-7455
-7457
-7459
-7461
-7463
-7464
-7466
-7468
-7470
-7472
-7474
-7475
-7477
-7479
-7481
-7483
-7484
-7486
-7488
-7490
-7492
-7493
-7495
-7497
-7498
-7500
-7502
-7504
-7505
-7507
-7509
-7510
-7512
-7514
-7515
-7517
-7519
-7520
-7522
-7523
-7525
-7527
-7528
-7530
-7531
-7533
-7535
-7536
-7538
-7539
-7541
-7542
-7544
-7545
-7547
-7548
-7550
-7551
-7553
-7554
-7556
-7557
-7558
-7560
-7561
-7563
-7564
-7566
-7567
-7568
-7570
-7571
-7572
-7574
-7575
-7576
-7578
-7579
-7580
-7582
-7583
-7584
-7586
-7587
-7588
-7589
-7591
-7592
-7593
-7594
-7595
-7597
-7598
-7599
-7600
-7601
-7603
-7604
-7605
-7606
-7607
-7608
-7609
-7611
-7612
-7613
-7614
-7615
-7616
-7617
-7618
-7619
-7620
-7621
-7622
-7623
-7624
-7625
-7626
-7627
-7628
-7629
-7630
-7631
-7632
-7633
-7634
-7635
-7636
-7637
-7637
-7638
-7639
-7640
-7641
-7642
-7643
-7643
-7644
-7645
-7646
-7647
-7647
-7648
-7649
-7650
-7650
-7651
-7652
-7653
-7653
-7654
-7655
-7655
-7656
-7657
-7657
-7658
-7659
-7659
-7660
-7661
-7661
-7662
-7662
-7663
-7664
-7664
-7665
-7665
-7666
-7666
-7667
-7667
-7668
-7668
-7669
-7669
-7670
-7670
-7671
-7671
-7672
-7672
-7672
-7673
-7673
-7674
-7674
-7674
-7675
-7675
-7675
-7676
-7676
-7676
-7677
-7677
-7677
-7678
-7678
-7678
-7678
-7679
-7679
-7679
-7679
-7679
-7680
-7680
-7680
-7680
-7680
-7680
-7681
-7681
-7681
-7681
-7681
-7681
-7681
-7681
-7681
-7681
-7681
-7682
-7682
-7682
-7682
-7682
-7682
-7682
-7682
-7681
-7681
-7681
-7681
-7681
-7681
-7681
-7681
-7681
-7681
-7681
-7680
-7680
-7680
-7680
-7680
-7680
-7679
-7679
-7679
-7679
-7678
-7678
-7678
-7678
-7677
-7677
-7677
-7677
-7676
-7676
-7676
-7675
-7675
-7674
-7674
-7674
-7673
-7673
-7672
-7672
-7672
-7671
-7671
-7670
-7670
-7669
-7669
-7668
-7668
-7667
-7667
-7666
-7666
-7665
-7664
-7664
-7663
-7663
-7662
-7661
-7661
-7660
-7660
-7659
-7658
-7658
-7657
-7656
-7655
-7655
-7654
-7653
-7652
-7652
-7651
-7650
-7649
-7648
-7648
-7647
-7646
-7645
-7644
-7643
-7643
-7642
-7641
-7640
-7639
-7638
-7637
-7636
-7635
-7634
-7633
-7632
-7631
-7630
-7629
-7628
-7627
-7626
-7625
-7624
-7623
-7622
-7621
-7619
-7618
-7617
-7616
-7615
-7614
-7612
-7611
-7610
-7609
-7608
-7606
-7605
-7604
-7603
-7601
-7600
-7599
-7597
-7596
-7595
-7593
-7592
-7591
-7589
-7588
-7587
-7585
-7584
-7582
-7581
-7579
-7578
-7576
-7575
-7574
-7572
-7570
-7569
-7567
-7566
-7564
-7563
-7561
-7560
-7558
-7556
-7555
-7553
-7551
-7550
-7548
-7546
-7545
-7543
-7541
-7540
-7538
-7536
-7534
-7533
-7531
-7529
-7527
-7525
-7524
-7522
-7520
-7518
-7516
-7514
-7512
-7510
-7509
-7507
-7505
-7503
-7501
-7499
-7497
-7495
-7493
-7491
-7489
-7487
-7485
-7483
-7481
-7478
-7476
-7474
-7472
-7470
-7468
-7466
-7464
-7461
-7459
-7457
-7455
-7453
-7450
-7448
-7446
-7444
-7441
-7439
-7437
-7434
-7432
-7430
-7427
-7425
-7423
-7420
-7418
-7415
-7413
-7411
-7408
-7406
-7403
-7401
-7398
-7396
-7393
-7391
-7388
-7386
-7383
-7381
-7378
-7375
-7373
-7370
-7367
-7365
-7362
-7360
-7357
-7354
-7351
-7349
-7346
-7343
-7341
-7338
-7335
-7332
-7329
-7327
-7324
-7321
-7318
-7315
-7312
-7310
-7307
-7304
-7301
-7298
-7295
-7292
-7289
-7286
-7283
-7280
-7277
-7274
-7271
-7268
-7265
-7262
-7259
-7256
-7253
-7249
-7246
-7243
-7240
-7237
-7234
-7230
-7227
-7224
-7221
-7217
-7214
-7211
-7208
-7204
-7201
-7198
-7194
-7191
-7188
-7184
-7181
-7178
-7174
-7171
-7167
-7164
-7160
-7157
-7154
-7150
-7147
-7143
-7139
-7136
-7132
-7129
-7125
-7122
-7118
-7114
-7111
-7107
-7104
-7100
-7096
-7092
-7089
-7085
-7081
-7078
-7074
-7070
-7066
-7062
-7059
-7055
-7051
-7047
-7043
-7039
-7036
-7032
-7028
-7024
-7020
-7016
-7012
-7008
-7004
-7000
-6996
-6992
-6988
-6984
-6980
-6976
-6972
-6968
-6964
-6959
-6955
-6951
-6947
-6943
-6939
-6934
-6930
-6926
-6922
-6917
-6913
-6909
-6905
-6900
-6896
-6892
-6887
-6883
-6879
-6874
-6870
-6865
-6861
-6857
-6852
-6848
-6843
-6839
-6834
-6830
-6825
-6821
-6816
-6811
-6807
-6802
-6798
-6793
-6788
-6784
-6779
-6774
-6770
-6765
-6760
-6756
-6751
-6746
-6741
-6737
-6732
-6727
-6722
-6717
-6713
-6708
-6703
-6698
-6693
-6688
-6683
-6678
-6673
-6668
-6663
-6658
-6653
-6648
-6643
-6638
-6633
-6628
-6623
-6618
-6613
-6608
-6603
-6597
-6592
-6587
-6582
-6577
-6571
-6566
-6561
-6556
-6550
-6545
-6540
-6535
-6529
-6524
-6519
-6513
-6508
-6502
-6497
-6492
-6486
-6481
-6475
-6470
-6464
-6459
-6453
-6448
-6442
-6437
-6431
-6425
-6420
-6414
-6409
-6403
-6397
-6392
-6386
-6380
-6374
-6369
-6363
-6357
-6351
-6346
-6340
-6334
-6328
-6322
-6317
-6311
-6305
-6299
-6293
-6287
-6281
-6275
-6269
-6263
-6257
-6251
-6245
-6239
-6233
-6227
-6221
-6215
-6209
-6203
-6197
-6190
-6184
-6178
-6172
-6166
-6159
-6153
-6147
-6141
-6134
-6128
-6122
-6116
-6109
-6103
-6097
-6090
-6084
-6077
-6071
-6065
-6058
-6052
-6045
-6039
-6032
-6026
-6019
-6013
-6006
-6000
-5993
-5986
-5980
-5973
-5966
-5960
-5953
-5946
-5940
-5933
-5926
-5920
-5913
-5906
-5899
-5892
-5886
-5879
-5872
-5865
-5858
-5851
-5844
-5838
-5831
-5824
-5817
-5810
-5803
-5796
-5789
-5782
-5775
-5768
-5761
-5753
-5746
-5739
-5732
-5725
-5718
-5711
-5703
-5696
-5689
-5682
-5674
-5667
-5660
-5653
-5645
-5638
-5631
-5623
-5616
-5609
-5601
-5594
-5586
-5579
-5571
-5564
-5557
-5549
-5542
-5534
-5526
-5519
-5511
-5504
-5496
-5489
-5481
-5473
-5466
-5458
-5450
-5443
-5435
-5427
-5419
-5412
-5404
-5396
-5388
-5380
-5373
-5365
-5357
-5349
-5341
-5333
-5325
-5317
-5309
-5301
-5293
-5285
-5277
-5269
-5261
-5253
-5245
-5237
-5229
-5221
-5213
-5205
-5196
-5188
-5180
-5172
-5164
-5155
-5147
-5139
-5131
-5122
-5114
-5106
-5097
-5089
-5080
-5072
-5064
-5055
-5047
-5038
-5030
-5021
-5013
-5004
-4996
-4987
-4979
-4970
-4962
-4953
-4944
-4936
-4927
-4918
-4910
-4901
-4892
-4884
-4875
-4866
-4857
-4849
-4840
-4831
-4822
-4813
-4805
-4796
-4787
-4778
-4769
-4760
-4751
-4742
-4733
-4724
-4715
-4706
-4697
-4688
-4679
-4670
-4661
-4652
-4642
-4633
-4624
-4615
-4606
-4597
-4587
-4578
-4569
-4560
-4550
-4541
-4532
-4522
-4513
-4504
-4494
-4485
-4475
-4466
-4456
-4447
-4438
-4428
-4419
-4409
-4400
-4390
-4380
-4371
-4361
-4352
-4342
-4332
-4323
-4313
-4303
-4294
-4284
-4274
-4264
-4255
-4245
-4235
-4225
-4215
-4206
-4196
-4186
-4176
-4166
-4156
-4146
-4136
-4126
-4116
-4106
-4096
-4086
-4076
-4066
-4056
-4046
-4036
-4026
-4016
-4005
-3995
-3985
-3975
-3965
-3954
-3944
-3934
-3924
-3913
-3903
-3893
-3882
-3872
-3862
-3851
-3841
-3830
-3820
-3809
-3799
-3788
-3778
-3767
-3757
-3746
-3736
-3725
-3715
-3704
-3693
-3683
-3672
-3661
-3651
-3640
-3629
-3618
-3608
-3597
-3586
-3575
-3565
-3554
-3543
-3532
-3521
-3510
-3499
-3488
-3477
-3466
-3455
-3444
-3433
-3422
-3411
-3400
-3389
-3378
-3367
-3356
-3345
-3334
-3322
-3311
-3300
-3289
-3278
-3266
-3255
-3244
-3233
-3221
-3210
-3199
-3187
-3176
-3164
-3153
-3142
-3130
-3119
-3107
-3096
-3084
-3073
-3061
-3050
-3038
-3026
-3015
-3003
-2992
-2980
-2968
-2957
-2945
-2933
-2921
-2910
-2898
-2886
-2874
-2863
-2851
-2839
-2827
-2815
-2803
-2791
-2779
-2768
-2756
-2744
-2732
-2720
-2708
-2696
-2684
-2671
-2659
-2647
-2635
-2623
-2611
-2599
-2587
-2574
-2562
-2550
-2538
-2525
-2513
-2501
-2489
-2476
-2464
-2451
-2439
-2427
-2414
-2402
-2389
-2377
-2365
-2352
-2340
-2327
-2314
-2302
-2289
-2277
-2264
-2252
-2239
-2226
-2214
-2201
-2188
-2176
-2163
-2150
-2137
-2125
-2112
-2099
-2086
-2073
-2060
-2047
-2035
-2022
-2009
-1996
-1983
-1970
-1957
-1944
-1931
-1918
-1905
-1892
-1879
-1866
-1852
-1839
-1826
-1813
-1800
-1787
-1773
-1760
-1747
-1734
-1720
-1707
-1694
-1680
-1667
-1654
-1640
-1627
-1613
-1600
-1587
-1573
-1560
-1546
-1533
-1519
-1506
-1492
-1478
-1465
-1451
-1438
-1424
-1410
-1397
-1383
-1369
-1355
-1342
-1328
-1314
-1300
-1287
-1273
-1259
-1245
-1231
-1217
-1203
-1189
-1175
-1162
-1148
-1134
-1120
-1106
-1092
-1077
-1063
-1049
-1035
-1021
-1007
-993
-979
-964
-950
-936
-922
-908
-893
-879
-865
-850
-836
-822
-807
-793
-779
-764
-750
-735
-721
-706
-692
-677
-663
-648
-634
-619
-604
-590
-575
-561
-546
-531
-517
-502
-487
-472
-458
-443
-428
-413
-398
-384
-369
-354
-339
-324
-309
-294
-279
-264
-249
-234
-219
-204
-189
-174
-159
-144
-129
-114
-98
-83
-68
-53
-38
-22
-7
8
23
39
54
69
85
100
115
131
146
162
177
193
208
224
239
255
270
286
301
317
333
348
364
380
395
411
427
442
458
474
490
505
521
537
553
569
585
601
617
632
648
664
680
696
712
728
744
761
777
793
809
825
841
857
873
890
906
922
938
955
971
987
1003
1020
1036
1052
1069
1085
1102
1118
1135
1151
1167
1184
1200
1217
1233
1250
1267
1283
1300
1316
1333
1350
1366
1383
1400
1417
1433
1450
1467
1484
1500
1517
1534
1551
1568
1585
1602
1618
1635
1652
1669
1686
1703
1720
1737
1754
1771
1789
1806
1823
1840
1857
1874
1891
1909
1926
1943
1960
1978
1995
2012
2029
2047
2064
2081
2099
2116
2134
2151
2169
2186
2203
2221
2239
2256
2274
2291
2309
2326
2344
2362
2379
2397
2415
2432
2450
2468
2485
2503
2521
2539
2556
2574
2592
2610
2628
2646
2664
2682
2700
2717
2735
2753
2771
2789
2807
2826
2844
2862
2880
2898
2916
2934
2952
2971
2989
3007
3025
3043
3062
3080
3098
3117
3135
3153
3172
3190
3208
3227
3245
3264
3282
3301
3319
3338
3356
3375
3393
3412
3430
3449
3468
3486
3505
3524
3542
3561
3580
3598
3617
3636
3655
3674
3692
3711
3730
3749
3768
3787
3806
3825
3843
3862
3881
3900
3919
3938
3957
3977
3996
4015
4034
4053
4072
4091
4110
4130
4149
4168
4187
4207
4226
4245
4264
4284
4303
4322
4342
4361
4381
4400
4419
4439
4458
4478
4497
4517
4536
4556
4575
4595
4615
4634
4654
4673
4693
4713
4733
4752
4772
4792
4811
4831
4851
4871
4891
4910
4930
4950
4970
4990
5010
5030
5050
5070
5090
5110
5130
5150
5170
5190
5210
5230
5250
5270
5290
5310
5331
5351
5371
5391
5411
5432
5452
5472
5493
5513
5533
5554
5574
5594
5615
5635
5656
5676
5696
5717
5737
5758
5778
5799
5819
5840
5861
5881
5902
5922
5943
5964
5984
6005
6026
6047
6067
6088
6109
6130
6150
6171
6192
6213
6234
6255
6276
6297
6317
6338
6359
6380
6401
6422
6443
6464
6485
6507
6528
6549
6570
6591
6612
6633
6654
6676
6697
6718
6739
6761
6782
6803
6824
6846
6867
6888
6910
6931
6953
6974
6995
7017
7038
7060
7081
7103
7124
7146
7167
7189
7211
7232
7254
7276
7297
7319
7341
7362
7384
7406
7427
7449
7471
7493
7514
7536
7558
7580
7602
7624
7646
7668
7689
7711
7733
7755
7777
7799
7821
7843
7865
7888
7910
7932
7954
7976
7998
8020
8042
8065
8087
8109
8131
8153
8176
8198
8220
8243
8265
8287
8310
8332
8354
8377
8399
8422
8444
8467
8489
8512
8534
8557
8579
8602
8624
8647
8669
8692
8715
8737
8760
8783
8805
8828
8851
8873
8896
8919
8942
8965
8987
9010
9033
9056
9079
9102
9125
9147
9170
9193
9216
9239
9262
9285
9308
9331
9354
9377
9400
9424
9447
9470
9493
9516
9539
9562
9586
9609
9632
9655
9679
9702
9725
9748
9772
9795
9818
9842
9865
9889
9912
9935
9959
9982
10006
10029
10053
10076
10100
10123
10147
10170
10194
10218
10241
10265
10288
10312
10336
10359
10383
10407
10431
10454
10478
10502
10526
10549
10573
10597
10621
10645
10669
10692
10716
10740
10764
10788
10812
10836
10860
10884
10908
10932
10956
10980
11004
11028
11053
11077
11101
11125
11149
11173
11197
11222
11246
11270
11294
11319
11343
11367
11391
11416
11440
11464
11489
11513
11538
11562
11586
11611
11635
11660
11684
11709
11733
11758
11782
11807
11831
11856
11881
11905
11930
11954
11979
12004
12028
12053
12078
12102
12127
12152
12177
12201
12226
12251
12276
12301
12325
12350
12375
12400
12425
12450
12475
12500
12525
12550
12575
12600
12625
12650
12675
12700
12725
12750
12775
12800
12825
12850
12875
12901
12926
12951
12976
13001
13027
13052
13077
13102
13128
13153
13178
13204
13229
13254
13280
13305
13330
13356
13381
13407
13432
13457
13483
13508
13534
13559
13585
13610
13636
13662
13687
13713
13738
13764
13790
13815
13841
13867
13892
13918
13944
13969
13995
14021
14047
14072
14098
14124
14150
14176
14202
14227
14253
14279
14305
14331
14357
14383
14409
14435
14461
14487
14513
14539
14565
14591
14617
14643
14669
14695
14721
14747
14773
14800
14826
14852
14878
14904
14930
14957
14983
15009
15035
15062
15088
15114
15141
15167
15193
15220
15246
15272
15299
15325
15352
15378
15404
15431
15457
15484
15510
15537
15563
15590
15616
15643
15669
15696
15723
15749
15776
15803
15829
15856
15882
15909
15936
15963
15989
16016
16043
16070
16096
16123
16150
16177
16203
16230
16257
16284
16311
16338
16365
16392
16418
16445
16472
16499
16526
16553
16580
16607
16634
16661
16688
16715
16742
16769
16797
16824
16851
16878
16905
16932
16959
16986
17014
17041
17068
17095
17123
17150
17177
17204
17232
17259
17286
17313
17341
17368
17395
17423
17450
17478
17505
17532
17560
17587
17615
17642
17670
17697
17725
17752
17780
17807
17835
17862
17890
17917
17945
17973
18000
18028
18055
18083
18111
18138
18166
18194
18222
18249
18277
18305
18332
18360
18388
18416
18444
18471
18499
18527
18555
18583
18611
18638
18666
18694
18722
18750
18778
18806
18834
18862
18890
18918
18946
18974
19002
19030
19058
19086
19114
19142
19170
19198
19226
19254
19283
19311
19339
19367
19395
19423
19452
19480
19508
19536
19565
19593
19621
19649
19678
19706
19734
19763
19791
19819
19848
19876
19904
19933
19961
19989
20018
20046
20075
20103
20132
20160
20189
20217
20246
20274
20303
20331
20360
20388
20417
20445
20474
20502
20531
20560
20588
20617
20646
20674
20703
20732
20760
20789
20818
20846
20875
20904
20933
20961
20990
21019
21048
21077
21105
21134
21163
21192
21221
21250
21278
21307
21336
21365
21394
21423
21452
21481
21510
21539
21568
21597
21626
21655
21684
21713
21742
21771
21800
21829
21858
21887
21916
21945
21974
22003
22033
22062
22091
22120
22149
22178
22208
22237
22266
22295
22324
22354
22383
22412
22441
22471
22500
22529
22559
22588
22617
22647
22676
22705
22735
22764
22793
22823
22852
22882
22911
22940
22970
22999
23029
23058
23088
23117
23147
23176
23206
23235
23265
23294
23324
23353
23383
23412
23442
23472
23501
23531
23560
23590
23620
23649
23679
23709
23738
23768
23798
23827
23857
23887
23916
23946
23976
24006
24035
24065
24095
24125
24155
24184
24214
24244
24274
24304
24333
24363
24393
24423
24453
24483
24513
24543
24573
24602
24632
24662
24692
24722
24752
24782
24812
24842
24872
24902
24932
24962
24992
25022
25052
25082
25112
25142
25173
25203
25233
25263
25293
25323
25353
25383
25413
25444
25474
25504
25534
25564
25594
25625
25655
25685
25715
25746
25776
25806
25836
25867
25897
25927
25957
25988
26018
26048
26079
26109
26139
26170
26200
26230
26261
26291
26321
26352
26382
26413
26443
26473
26504
26534
26565
26595
26626
26656
26687
26717
26747
26778
26808
26839
26869
26900
26930
26961
26992
27022
27053
27083
27114
27144
27175
27206
27236
27267
27297
27328
27359
27389
27420
27451
27481
27512
27542
27573
27604
27635
27665
27696
27727
27757
27788
27819
27850
27880
27911
27942
27973
28003
28034
28065
28096
28126
28157
28188
28219
28250
28280
28311
28342
28373
28404
28435
28466
28496
28527
28558
28589
28620
28651
28682
28713
28744
28775
28806
28836
28867
28898
28929
28960
28991
29022
29053
29084
29115
29146
29177
29208
29239
29270
29301
29332
29363
29394
29425
29457
29488
29519
29550
29581
29612
29643
29674
29705
29736
29767
29799
29830
29861
29892
29923
29954
29985
30017
30048
30079
30110
30141
30173
30204
30235
30266
30297
30329
30360
30391
30422
30453
30485
30516
30547
30578
30610
30641
30672
30704
30735
30766
30797
30829
30860
30891
30923
30954
30985
31017
31048
31079
31111
31142
31173
31205
31236
31267
31299
31330
31362
31393
31424
31456
31487
31519
31550
31581
31613
31644
31676
31707
31739
31770
31802
31833
31864
31896
31927
31959
31990
32022
32053
32085
32116
32148
32179
32211
32242
32274
32305
32337
32368
32400
32431
32463
32495
32526
32558
32589
32621
32652
32684
32715
32747
32779
32810
32842
32873
32905
32937
32968
33000
33031
33063
33095
33126
33158
33190
33221
33253
33284
33316
33348
33379
33411
33443
33474
33506
33538
33569
33601
33633
33664
33696
33728
33760
33791
33823
33855
33886
33918
33950
33982
34013
34045
34077
34108
34140
34172
34204
34235
34267
34299
34331
34362
34394
34426
34458
34489
34521
34553
34585
34617
34648
34680
34712
34744
34776
34807
34839
34871
34903
34935
34966
34998
35030
35062
35094
35125
35157
35189
35221
35253
35285
35316
35348
35380
35412
35444
35476
35508
35539
35571
35603
35635
35667
35699
35731
35762
35794
35826
35858
35890
35922
35954
35986
36018
36049
36081
36113
36145
36177
36209
36241
36273
36305
36337
36368
36400
36432
36464
36496
36528
36560
36592
36624
36656
36688
36720
36752
36783
36815
36847
36879
36911
36943
36975
37007
37039
37071
37103
37135
37167
37199
37231
37263
37295
37327
37359
37390
37422
37454
37486
37518
37550
37582
37614
37646
37678
37710
37742
37774
37806
37838
37870
37902
37934
37966
37998
38030
38062
38094
38126
38158
38190
38222
38254
38286
38318
38350
38382
38414
38446
38478
38510
38542
38574
38606
38638
38670
38702
38734
38766
38798
38830
38862
38894
38926
38958
38990
39022
39054
39086
39118
39150
39182
39214
39246
39278
39310
39342
39374
39406
39438
39470
39502
39534
39566
39598
39630
39662
39694
39726
39758
39790
39822
39854
39886
39918
39950
39982
40014
40046
40078
40110
40142
40174
40206
40238
40270
40302
40334
40366
40398
40430
40462
40494
40526
40558
40590
40621
40653
40685
40717
40749
40781
40813
40845
40877
40909
40941
40973
41005
41037
41069
41101
41133
41165
41197
41229
41261
41293
41325
41357
41389
41421
41453
41485
41517
41549
41581
41613
41645
41676
41708
41740
41772
41804
41836
41868
41900
41932
41964
41996
42028
42060
42092
42124
42156
42187
42219
42251
42283
42315
42347
42379
42411
42443
42475
42507
42539
42570
42602
42634
42666
42698
42730
42762
42794
42826
42857
42889
42921
42953
42985
43017
43049
43081
43112
43144
43176
43208
43240
43272
43304
43335
43367
43399
43431
43463
43495
43526
43558
43590
43622
43654
43686
43717
43749
43781
43813
43845
43876
43908
43940
43972
44004
44035
44067
44099
44131
44163
44194
44226
44258
44290
44321
44353
44385
44417
44448
44480
44512
44544
44575
44607
44639
44671
44702
44734
44766
44797
44829
44861
44893
44924
44956
44988
45019
45051
45083
45114
45146
45178
45209
45241
45273
45304
45336
45368
45399
45431
45463
45494
45526
45557
45589
45621
45652
45684
45715
45747
45779
45810
45842
45873
45905
45937
45968
46000
46031
46063
46094
46126
46158
46189
46221
46252
46284
46315
46347
46378
46410
46441
46473
46504
46536
46567
46599
46630
46662
46693
46725
46756
46788
46819
46850
46882
46913
46945
46976
47008
47039
47070
47102
47133
47165
47196
47227
47259
47290
47322
47353
47384
47416
47447
47478
47510
47541
47572
47604
47635
47666
47698
47729
47760
47792
47823
47854
47885
47917
47948
47979
48010
48042
48073
48104
48135
48167
48198
48229
48260
48292
48323
48354
48385
48416
48447
48479
48510
48541
48572
48603
48634
48666
48697
48728
48759
48790
48821
48852
48883
48914
48946
48977
49008
49039
49070
49101
49132
49163
49194
49225
49256
49287
49318
49349
49380
49411
49442
49473
49504
49535
49566
49597
49628
49659
49690
49721
49751
49782
49813
49844
49875
49906
49937
49968
49999
50029
50060
50091
50122
50153
50184
50214
50245
50276
50307
50338
50368
50399
50430
50461
50491
50522
50553
50584
50614
50645
50676
50706
50737
50768
50798
50829
50860
50890
50921
50952
50982
51013
51044
51074
51105
51135
51166
51197
51227
51258
51288
51319
51349
51380
51410
51441
51471
51502
51532
51563
51593
51624
51654
51685
51715
51746
51776
51807
51837
51867
51898
51928
51959
51989
52019
52050
52080
52110
52141
52171
52201
52232
52262
52292
52322
52353
52383
52413
52444
52474
52504
52534
52564
52595
52625
52655
52685
52715
52746
52776
52806
52836
52866
52896
52926
52956
52987
53017
53047
53077
53107
53137
53167
53197
53227
53257
53287
53317
53347
53377
53407
53437
53467
53497
53527
53557
53586
53616
53646
53676
53706
53736
53766
53796
53825
53855
53885
53915
53945
53974
54004
54034
54064
54094
54123
54153
54183
54212
54242
54272
54301
54331
54361
54390
54420
54450
54479
54509
54539
54568
54598
54627
54657
54686
54716
54746
54775
54805
54834
54864
54893
54923
54952
54981
55011
55040
55070
55099
55129
55158
55187
55217
55246
55275
55305
55334
55363
55393
55422
55451
55481
55510
55539
55568
55598
55627
55656
55685
55714
55744
55773
55802
55831
55860
55889
55918
55947
55977
56006
56035
56064
56093
56122
56151
56180
56209
56238
56267
56296
56325
56354
56383
56412
56441
56469
56498
56527
56556
56585
56614
56643
56671
56700
56729
56758
56787
56815
56844
56873
56902
56930
56959
56988
57016
57045
57074
57102
57131
57160
57188
57217
57246
57274
57303
57331
57360
57388
57417
57445
57474
57502
57531
57559
57588
57616
57645
57673
57701
57730
57758
57787
57815
57843
57872
57900
57928
57956
57985
58013
58041
58070
58098
58126
58154
58182
58211
58239
58267
58295
58323
58351
58379
58407
58436
58464
58492
58520
58548
58576
58604
58632
58660
58688
58716
58744
58771
58799
58827
58855
58883
58911
58939
58967
58994
59022
59050
59078
59106
59133
59161
59189
59217
59244
59272
59300
59327
59355
59383
59410
59438
59465
59493
59521
59548
59576
59603
59631
59658
59686
59713
59741
59768
59796
59823
59850
59878
59905
59932
59960
59987
60015
60042
60069
60096
60124
60151
60178
60205
60233
60260
60287
60314
60341
60368
60396
60423
60450
60477
60504
60531
60558
60585
60612
60639
60666
60693
60720
60747
60774
60801
60828
60855
60882
60908
60935
60962
60989
61016
61043
61069
61096
61123
61150
61176
61203
61230
61256
61283
61310
61336
61363
61389
61416
61443
61469
61496
61522
61549
61575
61602
61628
61655
61681
61708
61734
61760
61787
61813
61839
61866
61892
61918
61945
61971
61997
62023
62050
62076
62102
62128
62154
62181
62207
62233
62259
62285
62311
62337
62363
62389
62415
62441
62467
62493
62519
62545
62571
62597
62623
62649
62674
62700
62726
62752
62778
62803
62829
62855
62881
62906
62932
62958
62983
63009
63035
63060
63086
63112
63137
63163
63188
63214
63239
63265
63290
63316
63341
63367
63392
63417
63443
63468
63493
63519
63544
63569
63595
63620
63645
63670
63696
63721
63746
63771
63796
63821
63847
63872
63897
63922
63947
63972
63997
64022
64047
64072
64097
64122
64147
64172
64196
64221
64246
64271
64296
64321
64345
64370
64395
64420
64444
64469
64494
64518
64543
64568
64592
64617
64641
64666
64691
64715
64740
64764
64789
64813
64837
64862
64886
64911
64935
64959
64984
65008
65032
65057
65081
65105
65129
65154
65178
65202
65226
65250
65274
65299
65323
65347
65371
65395
65419
65443
65467
65491
65515
65539
65563
65587
65610
65634
65658
65682
65706
65730
65753
65777
65801
65825
65848
65872
65896
65919
65943
65966
65990
66014
66037
66061
66084
66108
66131
66155
66178
66202
66225
66248
66272
66295
66318
66342
66365
66388
66412
66435
66458
66481
66505
66528
66551
66574
66597
66620
66643
66666
66689
66712
66735
66758
66781
66804
66827
66850
66873
66896
66919
66942
66965
66987
67010
67033
67056
67078
67101
67124
67146
67169
67192
67214
67237
67259
67282
67305
67327
67350
67372
67395
67417
67439
67462
67484
67507
67529
67551
67574
67596
67618
67640
67663
67685
67707
67729
67751
67773
67796
67818
67840
67862
67884
67906
67928
67950
67972
67994
68016
68038
68059
68081
68103
68125
68147
68169
68190
68212
68234
68255
68277
68299
68320
68342
68364
68385
68407
68428
68450
68471
68493
68514
68536
68557
68579
68600
68621
68643
68664
68685
68707
68728
68749
68770
68792
68813
68834
68855
68876
68897
68919
68940
68961
68982
69003
69024
69045
69066
69086
69107
69128
69149
69170
69191
69212
69232
69253
69274
69295
69315
69336
69357
69377
69398
69418
69439
69460
69480
69501
69521
69542
69562
69583
69603
69623
69644
69664
69684
69705
69725
69745
69765
69786
69806
69826
69846
69866
69887
69907
69927
69947
69967
69987
70007
70027
70047
70067
70087
70106
70126
70146
70166
70186
70206
70225
70245
70265
70285
70304
70324
70343
70363
70383
70402
70422
70441
70461
70480
70500
70519
70539
70558
70577
70597
70616
70635
70655
70674
70693
70712
70732
70751
70770
70789
70808
70827
70846
70866
70885
70904
70923
70942
70960
70979
70998
71017
71036
71055
71074
71093
71111
71130
71149
71167
71186
71205
71223
71242
71261
71279
71298
71316
71335
71353
71372
71390
71409
71427
71445
71464
71482
71500
71519
71537
71555
71573
71592
71610
71628
71646
71664
71682
71700
71718
71737
71755
71772
71790
71808
71826
71844
71862
71880
71898
71916
71933
71951
71969
71986
72004
72022
72039
72057
72075
72092
72110
72127
72145
72162
72180
72197
72215
72232
72249
72267
72284
72301
72319
72336
72353
72370
72388
72405
72422
72439
72456
72473
72490
72507
72524
72541
72558
72575
72592
72609
72626
72643
72660
72676
72693
72710
72727
72743
72760
72777
72793
72810
72826
72843
72860
72876
72893
72909
72926
72942
72958
72975
72991
73007
73024
73040
73056
73073
73089
73105
73121
73137
73153
73170
73186
73202
73218
73234
73250
73266
73282
73298
73313
73329
73345
73361
73377
73393
73408
73424
73440
73455
73471
73487
73502
73518
73534
73549
73565
73580
73596
73611
73626
73642
73657
73673
73688
73703
73718
73734
73749
73764
73779
73794
73810
73825
73840
73855
73870
73885
73900
73915
73930
73945
73960
73975
73989
74004
74019
74034
74049
74063
74078
74093
74107
74122
74137
74151
74166
74180
74195
74209
74224
74238
74253
74267
74281
74296
74310
74324
74339
74353
74367
74381
74395
74410
74424
74438
74452
74466
74480
74494
74508
74522
74536
74550
74564
74577
74591
74605
74619
74633
74646
74660
74674
74687
74701
74715
74728
74742
74755
74769
74782
74796
74809
74823
74836
74849
74863
74876
74889
74903
74916
74929
74942
74956
74969
74982
74995
75008
75021
75034
75047
75060
75073
75086
75099
75112
75124
75137
75150
75163
75176
75188
75201
75214
75226
75239
75252
75264
75277
75289
75302
75314
75327
75339
75351
75364
75376
75389
75401
75413
75425
75438
75450
75462
75474
75486
75498
75510
75522
75534
75546
75558
75570
75582
75594
75606
75618
75630
75642
75653
75665
75677
75688
75700
75712
75723
75735
75747
75758
75770
75781
75793
75804
75815
75827
75838
75850
75861
75872
75883
75895
75906
75917
75928
75939
75950
75962
75973
75984
75995
76006
76017
76028
76038
76049
76060
76071
76082
76093
76103
76114
76125
76135
76146
76157
76167
76178
76188
76199
76209
76220
76230
76241
76251
76262
76272
76282
76293
76303
76313
76323
76333
76344
76354
76364
76374
76384
76394
76404
76414
76424
76434
76444
76454
76464
76473
76483
76493
76503
76512
76522
76532
76541
76551
76561
76570
76580
76589
76599
76608
76618
76627
76637
76646
76655
76665
76674
76683
76692
76701
76711
76720
76729
76738
76747
76756
76765
76774
76783
76792
76801
76810
76819
76828
76836
76845
76854
76863
76871
76880
76889
76897
76906
76915
76923
76932
76940
76949
76957
76966
76974
76982
76991
76999
77007
77016
77024
77032
77040
77048
77056
77065
77073
77081
77089
77097
77105
77113
77121
77128
77136
77144
77152
77160
77168
77175
77183
77191
77198
77206
77214
77221
77229
77236
77244
77251
77259
77266
77273
77281
77288
77295
77303
77310
77317
77324
77332
77339
77346
77353
77360
77367
77374
77381
77388
77395
77402
77409
77416
77423
77429
77436
77443
77450
77456
77463
77470
77476
77483
77489
77496
77503
77509
77516
77522
77528
77535
77541
77547
77554
77560
77566
77572
77579
77585
77591
77597
77603
77609
77615
77621
77627
77633
77639
77645
77651
77657
77663
77668
77674
77680
77686
77691
77697
77703
77708
77714
77719
77725
77730
77736
77741
77747
77752
77758
77763
77768
77773
77779
77784
77789
77794
77800
77805
77810
77815
77820
77825
77830
77835
77840
77845
77850
77854
77859
77864
77869
77874
77878
77883
77888
77892
77897
77902
77906
77911
77915
77920
77924
77928
77933
77937
77942
77946
77950
77954
77959
77963
77967
77971
77975
77979
77984
77988
77992
77996
78000
78004
78007
78011
78015
78019
78023
78027
78030
78034
78038
78041
78045
78049
78052
78056
78059
78063
78066
78070
78073
78077
78080
78083
78087
78090
78093
78096
78100
78103
78106
78109
78112
78115
78118
78121
78124
78127
78130
78133
78136
78139
78142
78145
78147
78150
78153
78155
78158
78161
78163
78166
78169
78171
78174
78176
78179
78181
78183
78186
78188
78190
78193
78195
78197
78199
78202
78204
78206
78208
78210
78212
78214
78216
78218
78220
78222
78224
78226
78227
78229
78231
78233
78234
78236
78238
78239
78241
78243
78244
78246
78247
78249
78250
78251
78253
78254
78256
78257
78258
78259
78261
78262
78263
78264
78265
78266
78267
78268
78269
78270
78271
78272
78273
78274
78275
78276
78277
78277
78278
78279
78279
78280
78281
78281
78282
78282
78283
78283
78284
78284
78285
78285
78285
78286
78286
78286
78287
78287
78287
78287
78287
78287
78287
78288
78288
78288
78288
78287
78287
78287
78287
78287
78287
78287
78286
78286
78286
78285
78285
78285
78284
78284
78283
78283
78282
78282
78281
78281
78280
78279
78279
78278
78277
78277
78276
78275
78274
78273
78272
78271
78270
78269
78268
78267
78266
78265
78264
78263
78262
78261
78259
78258
78257
78256
78254
78253
78251
78250
78249
78247
78246
78244
78243
78241
78239
78238
78236
78234
78233
78231
78229
78227
78226
78224
78222
78220
78218
78216
78214
78212
78210
78208
78206
78204
78202
78199
78197
78195
78193
78190
78188
78186
78183
78181
78179
78176
78174
78171
78169
78166
78163
78161
78158
78155
78153
78150
78147
78145
78142
78139
78136
78133
78130
78127
78124
78121
78118
78115
78112
78109
78106
78103
78100
78096
78093
78090
78087
78083
78080
78077
78073
78070
78066
78063
78059
78056
78052
78049
78045
78041
78038
78034
78030
78027
78023
78019
78015
78011
78007
78004
78000
77996
77992
77988
77984
77979
77975
77971
77967
77963
77959
77954
77950
77946
77942
77937
77933
77928
77924
77920
77915
77911
77906
77902
77897
77892
77888
77883
77878
77874
77869
77864
77859
77854
77850
77845
77840
77835
77830
77825
77820
77815
77810
77805
77800
77794
77789
77784
77779
77773
77768
77763
77758
77752
77747
77741
77736
77730
77725
77719
77714
77708
77703
77697
77691
77686
77680
77674
77668
77663
77657
77651
77645
77639
77633
77627
77621
77615
77609
77603
77597
77591
77585
77579
77572
77566
77560
77554
77547
77541
77535
77528
77522
77516
77509
77503
77496
77489
77483
77476
77470
77463
77456
77450
77443
77436
77429
77423
77416
77409
77402
77395
77388
77381
77374
77367
77360
77353
77346
77339
77332
77324
77317
77310
77303
77295
77288
77281
77273
77266
77259
77251
77244
77236
77229
77221
77214
77206
77198
77191
77183
77175
77168
77160
77152
77144
77136
77128
77121
77113
77105
77097
77089
77081
77073
77065
77056
77048
77040
77032
77024
77016
77007
76999
76991
76982
76974
76966
76957
76949
76940
76932
76923
76915
76906
76897
76889
76880
76871
76863
76854
76845
76836
76828
76819
76810
76801
76792
76783
76774
76765
76756
76747
76738
76729
76720
76711
76701
76692
76683
76674
76665
76655
76646
76637
76627
76618
76608
76599
76589
76580
76570
76561
76551
76541
76532
76522
76512
76503
76493
76483
76473
76464
76454
76444
76434
76424
76414
76404
76394
76384
76374
76364
76354
76344
76333
76323
76313
76303
76293
76282
76272
76262
76251
76241
76230
76220
76209
76199
76188
76178
76167
76157
76146
76135
76125
76114
76103
76093
76082
76071
76060
76049
76038
76028
76017
76006
75995
75984
75973
75962
75950
75939
75928
75917
75906
75895
75883
75872
75861
75850
75838
75827
75815
75804
75793
75781
75770
75758
75747
75735
75723
75712
75700
75688
75677
75665
75653
75642
75630
75618
75606
75594
75582
75570
75558
75546
75534
75522
75510
75498
75486
75474
75462
75450
75438
75425
75413
75401
75389
75376
75364
75351
75339
75327
75314
75302
75289
75277
75264
75252
75239
75226
75214
75201
75188
75176
75163
75150
75137
75124
75112
75099
75086
75073
75060
75047
75034
75021
75008
74995
74982
74969
74956
74942
74929
74916
74903
74889
74876
74863
74849
74836
74823
74809
74796
74782
74769
74755
74742
74728
74715
74701
74687
74674
74660
74646
74633
74619
74605
74591
74577
74564
74550
74536
74522
74508
74494
74480
74466
74452
74438
74424
74410
74395
74381
74367
74353
74339
74324
74310
74296
74281
74267
74253
74238
74224
74209
74195
74180
74166
74151
74137
74122
74107
74093
74078
74063
74049
74034
74019
74004
73989
73975
73960
73945
73930
73915
73900
73885
73870
73855
73840
73825
73810
73794
73779
73764
73749
73734
73718
73703
73688
73673
73657
73642
73626
73611
73596
73580
73565
73549
73534
73518
73502
73487
73471
73455
73440
73424
73408
73393
73377
73361
73345
73329
73313
73298
73282
73266
73250
73234
73218
73202
73186
73170
73153
73137
73121
73105
73089
73073
73056
73040
73024
73007
72991
72975
72958
72942
72926
72909
72893
72876
72860
72843
72826
72810
72793
72777
72760
72743
72727
72710
72693
72676
72660
72643
72626
72609
72592
72575
72558
72541
72524
72507
72490
72473
72456
72439
72422
72405
72388
72370
72353
72336
72319
72301
72284
72267
72249
72232
72215
72197
72180
72162
72145
72127
72110
72092
72075
72057
72039
72022
72004
71986
71969
71951
71933
71916
71898
71880
71862
71844
71826
71808
71790
71772
71755
71737
71718
71700
71682
71664
71646
71628
71610
71592
71573
71555
71537
71519
71500
71482
71464
71445
71427
71409
71390
71372
71353
71335
71316
71298
71279
71261
71242
71223
71205
71186
71167
71149
71130
71111
71093
71074
71055
71036
71017
70998
70979
70960
70942
70923
70904
70885
70866
70846
70827
70808
70789
70770
70751
70732
70712
70693
70674
70655
70635
70616
70597
70577
70558
70539
70519
70500
70480
70461
70441
70422
70402
70383
70363
70343
70324
70304
70285
70265
70245
70225
70206
70186
70166
70146
70126
70106
70087
70067
70047
70027
70007
69987
69967
69947
69927
69907
69887
69866
69846
69826
69806
69786
69765
69745
69725
69705
69684
69664
69644
69623
69603
69583
69562
69542
69521
69501
69480
69460
69439
69418
69398
69377
69357
69336
69315
69295
69274
69253
69232
69212
69191
69170
69149
69128
69107
69086
69066
69045
69024
69003
68982
68961
68940
68919
68897
68876
68855
68834
68813
68792
68770
68749
68728
68707
68685
68664
68643
68621
68600
68579
68557
68536
68514
68493
68471
68450
68428
68407
68385
68364
68342
68320
68299
68277
68255
68234
68212
68190
68169
68147
68125
68103
68081
68059
68038
68016
67994
67972
67950
67928
67906
67884
67862
67840
67818
67796
67773
67751
67729
67707
67685
67663
67640
67618
67596
67574
67551
67529
67507
67484
67462
67439
67417
67395
67372
67350
67327
67305
67282
67259
67237
67214
67192
67169
67146
67124
67101
67078
67056
67033
67010
66987
66965
66942
66919
66896
66873
66850
66827
66804
66781
66758
66735
66712
66689
66666
66643
66620
66597
66574
66551
66528
66505
66481
66458
66435
66412
66388
66365
66342
66318
66295
66272
66248
66225
66202
66178
66155
66131
66108
66084
66061
66037
66014
65990
65966
65943
65919
65896
65872
65848
65825
65801
65777
65753
65730
65706
65682
65658
65634
65610
65587
65563
65539
65515
65491
65467
65443
65419
65395
65371
65347
65323
65299
65274
65250
65226
65202
65178
65154
65129
65105
65081
65057
65032
65008
64984
64959
64935
64911
64886
64862
64837
64813
64789
64764
64740
64715
64691
64666
64641
64617
64592
64568
64543
64518
64494
64469
64444
64420
64395
64370
64345
64321
64296
64271
64246
64221
64196
64172
64147
64122
64097
64072
64047
64022
63997
63972
63947
63922
63897
63872
63847
63821
63796
63771
63746
63721
63696
63670
63645
63620
63595
63569
63544
63519
63493
63468
63443
63417
63392
63367
63341
63316
63290
63265
63239
63214
63188
63163
63137
63112
63086
63060
63035
63009
62983
62958
62932
62906
62881
62855
62829
62803
62778
62752
62726
62700
62674
62649
62623
62597
62571
62545
62519
62493
62467
62441
62415
62389
62363
62337
62311
62285
62259
62233
62207
62181
62154
62128
62102
62076
62050
62023
61997
61971
61945
61918
61892
61866
61839
61813
61787
61760
61734
61708
61681
61655
61628
61602
61575
61549
61522
61496
61469
61443
61416
61389
61363
61336
61310
61283
61256
61230
61203
61176
61150
61123
61096
61069
61043
61016
60989
60962
60935
60908
60882
60855
60828
60801
60774
60747
60720
60693
60666
60639
60612
60585
60558
60531
60504
60477
60450
60423
60396
60368
60341
60314
60287
60260
60233
60205
60178
60151
60124
60096
60069
60042
60015
59987
59960
59932
59905
59878
59850
59823
59796
59768
59741
59713
59686
59658
59631
59603
59576
59548
59521
59493
59465
59438
59410
59383
59355
59327
59300
59272
59244
59217
59189
59161
59133
59106
59078
59050
59022
58994
58967
58939
58911
58883
58855
58827
58799
58771
58744
58716
58688
58660
58632
58604
58576
58548
58520
58492
58464
58436
58407
58379
58351
58323
58295
58267
58239
58211
58182
58154
58126
58098
58070
58041
58013
57985
57956
57928
57900
57872
57843
57815
57787
57758
57730
57701
57673
57645
57616
57588
57559
57531
57502
57474
57445
57417
57388
57360
57331
57303
57274
57246
57217
57188
57160
57131
57102
57074
57045
57016
56988
56959
56930
56902
56873
56844
56815
56787
56758
56729
56700
56671
56643
56614
56585
56556
56527
56498
56469
56441
56412
56383
56354
56325
56296
56267
56238
56209
56180
56151
56122
56093
56064
56035
56006
55977
55947
55918
55889
55860
55831
55802
55773
55744
55714
55685
55656
55627
55598
55568
55539
55510
55481
55451
55422
55393
55363
55334
55305
55275
55246
55217
55187
55158
55129
55099
55070
55040
55011
54981
54952
54923
54893
54864
54834
54805
54775
54746
54716
54686
54657
54627
54598
54568
54539
54509
54479
54450
54420
54390
54361
54331
54301
54272
54242
54212
54183
54153
54123
54094
54064
54034
54004
53974
53945
53915
53885
53855
53825
53796
53766
53736
53706
53676
53646
53616
53586
53557
53527
53497
53467
53437
53407
53377
53347
53317
53287
53257
53227
53197
53167
53137
53107
53077
53047
53017
52987
52956
52926
52896
52866
52836
52806
52776
52746
52715
52685
52655
52625
52595
52564
52534
52504
52474
52444
52413
52383
52353
52322
52292
52262
52232
52201
52171
52141
52110
52080
52050
52019
51989
51959
51928
51898
51867
51837
51807
51776
51746
51715
51685
51654
51624
51593
51563
51532
51502
51471
51441
51410
51380
51349
51319
51288
51258
51227
51197
51166
51135
51105
51074
51044
51013
50982
50952
50921
50890
50860
50829
50798
50768
50737
50706
50676
50645
50614
50584
50553
50522
50491
50461
50430
50399
50368
50338
50307
50276
50245
50214
50184
50153
50122
50091
50060
50029
49999
49968
49937
49906
49875
49844
49813
49782
49751
49721
49690
49659
49628
49597
49566
49535
49504
49473
49442
49411
49380
49349
49318
49287
49256
49225
49194
49163
49132
49101
49070
49039
49008
48977
48946
48914
48883
48852
48821
48790
48759
48728
48697
48666
48634
48603
48572
48541
48510
48479
48447
48416
48385
48354
48323
48292
48260
48229
48198
48167
48135
48104
48073
48042
48010
47979
47948
47917
47885
47854
47823
47792
47760
47729
47698
47666
47635
47604
47572
47541
47510
47478
47447
47416
47384
47353
47322
47290
47259
47227
47196
47165
47133
47102
47070
47039
47008
46976
46945
46913
46882
46850
46819
46788
46756
46725
46693
46662
46630
46599
46567
46536
46504
46473
46441
46410
46378
46347
46315
46284
46252
46221
46189
46158
46126
46094
46063
46031
46000
45968
45937
45905
45873
45842
45810
45779
45747
45715
45684
45652
45621
45589
45557
45526
45494
45463
45431
45399
45368
45336
45304
45273
45241
45209
45178
45146
45114
45083
45051
45019
44988
44956
44924
44893
44861
44829
44797
44766
44734
44702
44671
44639
44607
44575
44544
44512
44480
44448
44417
44385
44353
44321
44290
44258
44226
44194
44163
44131
44099
44067
44035
44004
43972
43940
43908
43876
43845
43813
43781
43749
43717
43686
43654
43622
43590
43558
43526
43495
43463
43431
43399
43367
43335
43304
43272
43240
43208
43176
43144
43112
43081
43049
43017
42985
42953
42921
42889
42857
42826
42794
42762
42730
42698
42666
42634
42602
42570
42539
42507
42475
42443
42411
42379
42347
42315
42283
42251
42219
42187
42156
42124
42092
42060
42028
41996
41964
41932
41900
41868
41836
41804
41772
41740
41708
41676
41645
41613
41581
41549
41517
41485
41453
41421
41389
41357
41325
41293
41261
41229
41197
41165
41133
41101
41069
41037
41005
40973
40941
40909
40877
40845
40813
40781
40749
40717
40685
40653
40621
40590
40558
40526
40494
40462
40430
40398
40366
40334
40302
40270
40238
40206
40174
40142
40110
40078
40046
40014
39982
39950
39918
39886
39854
39822
39790
39758
39726
39694
39662
39630
39598
39566
39534
39502
39470
39438
39406
39374
39342
39310
39278
39246
39214
39182
39150
39118
39086
39054
39022
38990
38958
38926
38894
38862
38830
38798
38766
38734
38702
38670
38638
38606
38574
38542
38510
38478
38446
38414
38382
38350
38318
38286
38254
38222
38190
38158
38126
38094
38062
38030
37998
37966
37934
37902
37870
37838
37806
37774
37742
37710
37678
37646
37614
37582
37550
37518
37486
37454
37422
37390
37359
37327
37295
37263
37231
37199
37167
37135
37103
37071
37039
37007
36975
36943
36911
36879
36847
36815
36783
36752
36720
36688
36656
36624
36592
36560
36528
36496
36464
36432
36400
36368
36337
36305
36273
36241
36209
36177
36145
36113
36081
36049
36018
35986
35954
35922
35890
35858
35826
35794
35762
35731
35699
35667
35635
35603
35571
35539
35508
35476
35444
35412
35380
35348
35316
35285
35253
35221
35189
35157
35125
35094
35062
35030
34998
34966
34935
34903
34871
34839
34807
34776
34744
34712
34680
34648
34617
34585
34553
34521
34489
34458
34426
34394
34362
34331
34299
34267
34235
34204
34172
34140
34108
34077
34045
34013
33982
33950
33918
33886
33855
33823
33791
33760
33728
33696
33664
33633
33601
33569
33538
33506
33474
33443
33411
33379
33348
33316
33284
33253
33221
33190
33158
33126
33095
33063
33031
33000
32968
32937
32905
32873
32842
32810
32779
32747
32715
32684
32652
32621
32589
32558
32526
32495
32463
32431
32400
32368
32337
32305
32274
32242
32211
32179
32148
32116
32085
32053
32022
31990
31959
31927
31896
31864
31833
31802
31770
31739
31707
31676
31644
31613
31581
31550
31519
31487
31456
31424
31393
31362
31330
31299
31267
31236
31205
31173
31142
31111
31079
31048
31017
30985
30954
30923
30891
30860
30829
30797
30766
30735
30704
30672
30641
30610
30578
30547
30516
30485
30453
30422
30391
30360
30329
30297
30266
30235
30204
30173
30141
30110
30079
30048
30017
29985
29954
29923
29892
29861
29830
29799
29767
29736
29705
29674
29643
29612
29581
29550
29519
29488
29457
29425
29394
29363
29332
29301
29270
29239
29208
29177
29146
29115
29084
29053
29022
28991
28960
28929
28898
28867
28836
28806
28775
28744
28713
28682
28651
28620
28589
28558
28527
28496
28466
28435
28404
28373
28342
28311
28280
28250
28219
28188
28157
28126
28096
28065
28034
28003
27973
27942
27911
27880
27850
27819
27788
27757
27727
27696
27665
27635
27604
27573
27542
27512
27481
27451
27420
27389
27359
27328
27297
27267
27236
27206
27175
27144
27114
27083
27053
27022
26992
26961
26930
26900
26869
26839
26808
26778
26747
26717
26687
26656
26626
26595
26565
26534
26504
26473
26443
26413
26382
26352
26321
26291
26261
26230
26200
26170
26139
26109
26079
26048
26018
25988
25957
25927
25897
25867
25836
25806
25776
25746
25715
25685
25655
25625
25594
25564
25534
25504
25474
25444
25413
25383
25353
25323
25293
25263
25233
25203
25173
25142
25112
25082
25052
25022
24992
24962
24932
24902
24872
24842
24812
24782
24752
24722
24692
24662
24632
24602
24573
24543
24513
24483
24453
24423
24393
24363
24333
24304
24274
24244
24214
24184
24155
24125
24095
24065
24035
24006
23976
23946
23916
23887
23857
23827
23798
23768
23738
23709
23679
23649
23620
23590
23560
23531
23501
23472
23442
23412
23383
23353
23324
23294
23265
23235
23206
23176
23147
23117
23088
23058
23029
22999
22970
22940
22911
22882
22852
22823
22793
22764
22735
22705
22676
22647
22617
22588
22559
22529
22500
22471
22441
22412
22383
22354
22324
22295
22266
22237
22208
22178
22149
22120
22091
22062
22033
22003
21974
21945
21916
21887
21858
21829
21800
21771
21742
21713
21684
21655
21626
21597
21568
21539
21510
21481
21452
21423
21394
21365
21336
21307
21278
21250
21221
21192
21163
21134
21105
21077
21048
21019
20990
20961
20933
20904
20875
20846
20818
20789
20760
20732
20703
20674
20646
20617
20588
20560
20531
20502
20474
20445
20417
20388
20360
20331
20303
20274
20246
20217
20189
20160
20132
20103
20075
20046
20018
19989
19961
19933
19904
19876
19848
19819
19791
19763
19734
19706
19678
19649
19621
19593
19565
19536
19508
19480
19452
19423
19395
19367
19339
19311
19283
19254
19226
19198
19170
19142
19114
19086
19058
19030
19002
18974
18946
18918
18890
18862
18834
18806
18778
18750
18722
18694
18666
18638
18611
18583
18555
18527
18499
18471
18444
18416
18388
18360
18332
18305
18277
18249
18222
18194
18166
18138
18111
18083
18055
18028
18000
17973
17945
17917
17890
17862
17835
17807
17780
17752
17725
17697
17670
17642
17615
17587
17560
17532
17505
17478
17450
17423
17395
17368
17341
17313
17286
17259
17232
17204
17177
17150
17123
17095
17068
17041
17014
16986
16959
16932
16905
16878
16851
16824
16797
16769
16742
16715
16688
16661
16634
16607
16580
16553
16526
16499
16472
16445
16418
16392
16365
16338
16311
16284
16257
16230
16203
16177
16150
16123
16096
16070
16043
16016
15989
15963
15936
15909
15882
15856
15829
15803
15776
15749
15723
15696
15669
15643
15616
15590
15563
15537
15510
15484
15457
15431
15404
15378
15352
15325
15299
15272
15246
15220
15193
15167
15141
15114
15088
15062
15035
15009
14983
14957
14930
14904
14878
14852
14826
14800
14773
14747
14721
14695
14669
14643
14617
14591
14565
14539
14513
14487
14461
14435
14409
14383
14357
14331
14305
14279
14253
14227
14202
14176
14150
14124
14098
14072
14047
14021
13995
13969
13944
13918
13892
13867
13841
13815
13790
13764
13738
13713
13687
13662
13636
13610
13585
13559
13534
13508
13483
13457
13432
13407
13381
13356
13330
13305
13280
13254
13229
13204
13178
13153
13128
13102
13077
13052
13027
13001
12976
12951
12926
12901
12875
12850
12825
12800
12775
12750
12725
12700
12675
12650
12625
12600
12575
12550
12525
12500
12475
12450
12425
12400
12375
12350
12325
12301
12276
12251
12226
12201
12177
12152
12127
12102
12078
12053
12028
12004
11979
11954
11930
11905
11881
11856
11831
11807
11782
11758
11733
11709
11684
11660
11635
11611
11586
11562
11538
11513
11489
11464
11440
11416
11391
11367
11343
11319
11294
11270
11246
11222
11197
11173
11149
11125
11101
11077
11053
11028
11004
10980
10956
10932
10908
10884
10860
10836
10812
10788
10764
10740
10716
10692
10669
10645
10621
10597
10573
10549
10526
10502
10478
10454
10431
10407
10383
10359
10336
10312
10288
10265
10241
10218
10194
10170
10147
10123
10100
10076
10053
10029
10006
9982
9959
9935
9912
9889
9865
9842
9818
9795
9772
9748
9725
9702
9679
9655
9632
9609
9586
9562
9539
9516
9493
9470
9447
9424
9400
9377
9354
9331
9308
9285
9262
9239
9216
9193
9170
9147
9125
9102
9079
9056
9033
9010
8987
8965
8942
8919
8896
8873
8851
8828
8805
8783
8760
8737
8715
8692
8669
8647
8624
8602
8579
8557
8534
8512
8489
8467
8444
8422
8399
8377
8354
8332
8310
8287
8265
8243
8220
8198
8176
8153
8131
8109
8087
8065
8042
8020
7998
7976
7954
7932
7910
7888
7865
7843
7821
7799
7777
7755
7733
7711
7689
7668
7646
7624
7602
7580
7558
7536
7514
7493
7471
7449
7427
7406
7384
7362
7341
7319
7297
7276
7254
7232
7211
7189
7167
7146
7124
7103
7081
7060
7038
7017
6995
6974
6953
6931
6910
6888
6867
6846
6824
6803
6782
6761
6739
6718
6697
6676
6654
6633
6612
6591
6570
6549
6528
6507
6485
6464
6443
6422
6401
6380
6359
6338
6317
6297
6276
6255
6234
6213
6192
6171
6150
6130
6109
6088
6067
6047
6026
6005
5984
5964
5943
5922
5902
5881
5861
5840
5819
5799
5778
5758
5737
5717
5696
5676
5656
5635
5615
5594
5574
5554
5533
5513
5493
5472
5452
5432
5411
5391
5371
5351
5331
5310
5290
5270
5250
5230
5210
5190
5170
5150
5130
5110
5090
5070
5050
5030
5010
4990
4970
4950
4930
4910
4891
4871
4851
4831
4811
4792
4772
4752
4733
4713
4693
4673
4654
4634
4615
4595
4575
4556
4536
4517
4497
4478
4458
4439
4419
4400
4381
4361
4342
4322
4303
4284
4264
4245
4226
4207
4187
4168
4149
4130
4110
4091
4072
4053
4034
4015
3996
3977
3957
3938
3919
3900
3881
3862
3843
3825
3806
3787
3768
3749
3730
3711
3692
3674
3655
3636
3617
3598
3580
3561
3542
3524
3505
3486
3468
3449
3430
3412
3393
3375
3356
3338
3319
3301
3282
3264
3245
3227
3208
3190
3172
3153
3135
3117
3098
3080
3062
3043
3025
3007
2989
2971
2952
2934
2916
2898
2880
2862
2844
2826
2807
2789
2771
2753
2735
2717
2700
2682
2664
2646
2628
2610
2592
2574
2556
2539
2521
2503
2485
2468
2450
2432
2415
2397
2379
2362
2344
2326
2309
2291
2274
2256
2239
2221
2203
2186
2169
2151
2134
2116
2099
2081
2064
2047
2029
2012
1995
1978
1960
1943
1926
1909
1891
1874
1857
1840
1823
1806
1789
1771
1754
1737
1720
1703
1686
1669
1652
1635
1618
1602
1585
1568
1551
1534
1517
1500
1484
1467
1450
1433
1417
1400
1383
1366
1350
1333
1316
1300
1283
1267
1250
1233
1217
1200
1184
1167
1151
1135
1118
1102
1085
1069
1052
1036
1020
1003
987
971
955
938
922
906
890
873
857
841
825
809
793
777
761
744
728
712
696
680
664
648
632
617
601
585
569
553
537
521
505
490
474
458
442
427
411
395
380
364
348
333
317
301
286
270
255
239
224
208
193
177
162
146
131
115
100
85
69
54
39
23
8
-7
-22
-38
-53
-68
-83
-98
-114
-129
-144
-159
-174
-189
-204
-219
-234
-249
-264
-279
-294
-309
-324
-339
-354
-369
-384
-398
-413
-428
-443
-458
-472
-487
-502
-517
-531
-546
-561
-575
-590
-604
-619
-634
-648
-663
-677
-692
-706
-721
-735
-750
-764
-779
-793
-807
-822
-836
-850
-865
-879
-893
-908
-922
-936
-950
-964
-979
-993
-1007
-1021
-1035
-1049
-1063
-1077
-1092
-1106
-1120
-1134
-1148
-1162
-1175
-1189
-1203
-1217
-1231
-1245
-1259
-1273
-1287
-1300
-1314
-1328
-1342
-1355
-1369
-1383
-1397
-1410
-1424
-1438
-1451
-1465
-1478
-1492
-1506
-1519
-1533
-1546
-1560
-1573
-1587
-1600
-1613
-1627
-1640
-1654
-1667
-1680
-1694
-1707
-1720
-1734
-1747
-1760
-1773
-1787
-1800
-1813
-1826
-1839
-1852
-1866
-1879
-1892
-1905
-1918
-1931
-1944
-1957
-1970
-1983
-1996
-2009
-2022
-2035
-2047
-2060
-2073
-2086
-2099
-2112
-2125
-2137
-2150
-2163
-2176
-2188
-2201
-2214
-2226
-2239
-2252
-2264
-2277
-2289
-2302
-2314
-2327
-2340
-2352
-2365
-2377
-2389
-2402
-2414
-2427
-2439
-2451
-2464
-2476
-2489
-2501
-2513
-2525
-2538
-2550
-2562
-2574
-2587
-2599
-2611
-2623
-2635
-2647
-2659
-2671
-2684
-2696
-2708
-2720
-2732
-2744
-2756
-2768
-2779
-2791
-2803
-2815
-2827
-2839
-2851
-2863
-2874
-2886
-2898
-2910
-2921
-2933
-2945
-2957
-2968
-2980
-2992
-3003
-3015
-3026
-3038
-3050
-3061
-3073
-3084
-3096
-3107
-3119
-3130
-3142
-3153
-3164
-3176
-3187
-3199
-3210
-3221
-3233
-3244
-3255
-3266
-3278
-3289
-3300
-3311
-3322
-3334
-3345
-3356
-3367
-3378
-3389
-3400
-3411
-3422
-3433
-3444
-3455
-3466
-3477
-3488
-3499
-3510
-3521
-3532
-3543
-3554
-3565
-3575
-3586
-3597
-3608
-3618
-3629
-3640
-3651
-3661
-3672
-3683
-3693
-3704
-3715
-3725
-3736
-3746
-3757
-3767
-3778
-3788
-3799
-3809
-3820
-3830
-3841
-3851
-3862
-3872
-3882
-3893
-3903
-3913
-3924
-3934
-3944
-3954
-3965
-3975
-3985
-3995
-4005
-4016
-4026
-4036
-4046
-4056
-4066
-4076
-4086
-4096
-4106
-4116
-4126
-4136
-4146
-4156
-4166
-4176
-4186
-4196
-4206
-4215
-4225
-4235
-4245
-4255
-4264
-4274
-4284
-4294
-4303
-4313
-4323
-4332
-4342
-4352
-4361
-4371
-4380
-4390
-4400
-4409
-4419
-4428
-4438
-4447
-4456
-4466
-4475
-4485
-4494
-4504
-4513
-4522
-4532
-4541
-4550
-4560
-4569
-4578
-4587
-4597
-4606
-4615
-4624
-4633
-4642
-4652
-4661
-4670
-4679
-4688
-4697
-4706
-4715
-4724
-4733
-4742
-4751
-4760
-4769
-4778
-4787
-4796
-4805
-4813
-4822
-4831
-4840
-4849
-4857
-4866
-4875
-4884
-4892
-4901
-4910
-4918
-4927
-4936
-4944
-4953
-4962
-4970
-4979
-4987
-4996
-5004
-5013
-5021
-5030
-5038
-5047
-5055
-5064
-5072
-5080
-5089
-5097
-5106
-5114
-5122
-5131
-5139
-5147
-5155
-5164
-5172
-5180
-5188
-5196
-5205
-5213
-5221
-5229
-5237
-5245
-5253
-5261
-5269
-5277
-5285
-5293
-5301
-5309
-5317
-5325
-5333
-5341
-5349
-5357
-5365
-5373
-5380
-5388
-5396
-5404
-5412
-5419
-5427
-5435
-5443
-5450
-5458
-5466
-5473
-5481
-5489
-5496
-5504
-5511
-5519
-5526
-5534
-5542
-5549
-5557
-5564
-5571
-5579
-5586
-5594
-5601
-5609
-5616
-5623
-5631
-5638
-5645
-5653
-5660
-5667
-5674
-5682
-5689
-5696
-5703
-5711
-5718
-5725
-5732
-5739
-5746
-5753
-5761
-5768
-5775
-5782
-5789
-5796
-5803
-5810
-5817
-5824
-5831
-5838
-5844
-5851
-5858
-5865
-5872
-5879
-5886
-5892
-5899
-5906
-5913
-5920
-5926
-5933
-5940
-5946
-5953
-5960
-5966
-5973
-5980
-5986
-5993
-6000
-6006
-6013
-6019
-6026
-6032
-6039
-6045
-6052
-6058
-6065
-6071
-6077
-6084
-6090
-6097
-6103
-6109
-6116
-6122
-6128
-6134
-6141
-6147
-6153
-6159
-6166
-6172
-6178
-6184
-6190
-6197
-6203
-6209
-6215
-6221
-6227
-6233
-6239
-6245
-6251
-6257
-6263
-6269
-6275
-6281
-6287
-6293
-6299
-6305
-6311
-6317
-6322
-6328
-6334
-6340
-6346
-6351
-6357
-6363
-6369
-6374
-6380
-6386
-6392
-6397
-6403
-6409
-6414
-6420
-6425
-6431
-6437
-6442
-6448
-6453
-6459
-6464
-6470
-6475
-6481
-6486
-6492
-6497
-6502
-6508
-6513
-6519
-6524
-6529
-6535
-6540
-6545
-6550
-6556
-6561
-6566
-6571
-6577
-6582
-6587
-6592
-6597
-6603
-6608
-6613
-6618
-6623
-6628
-6633
-6638
-6643
-6648
-6653
-6658
-6663
-6668
-6673
-6678
-6683
-6688
-6693
-6698
-6703
-6708
-6713
-6717
-6722
-6727
-6732
-6737
-6741
-6746
-6751
-6756
-6760
-6765
-6770
-6774
-6779
-6784
-6788
-6793
-6798
-6802
-6807
-6811
-6816
-6821
-6825
-6830
-6834
-6839
-6843
-6848
-6852
-6857
-6861
-6865
-6870
-6874
-6879
-6883
-6887
-6892
-6896
-6900
-6905
-6909
-6913
-6917
-6922
-6926
-6930
-6934
-6939
-6943
-6947
-6951
-6955
-6959
-6964
-6968
-6972
-6976
-6980
-6984
-6988
-6992
-6996
-7000
-7004
-7008
-7012
-7016
-7020
-7024
-7028
-7032
-7036
-7039
-7043
-7047
-7051
-7055
-7059
-7062
-7066
-7070
-7074
-7078
-7081
-7085
-7089
-7092
-7096
-7100
-7104
-7107
-7111
-7114
-7118
-7122
-7125
-7129
-7132
-7136
-7139
-7143
-7147
-7150
-7154
-7157
-7160
-7164
-7167
-7171
-7174
-7178
-7181
-7184
-7188
-7191
-7194
-7198
-7201
-7204
-7208
-7211
-7214
-7217
-7221
-7224
-7227
-7230
-7234
-7237
-7240
-7243
-7246
-7249
-7253
-7256
-7259
-7262
-7265
-7268
-7271
-7274
-7277
-7280
-7283
-7286
-7289
-7292
-7295
-7298
-7301
-7304
-7307
-7310
-7312
-7315
-7318
-7321
-7324
-7327
-7329
-7332
-7335
-7338
-7341
-7343
-7346
-7349
-7351
-7354
-7357
-7360
-7362
-7365
-7367
-7370
-7373
-7375
-7378
-7381
-7383
-7386
-7388
-7391
-7393
-7396
-7398
-7401
-7403
-7406
-7408
-7411
-7413
-7415
-7418
-7420
-7423
-7425
-7427
-7430
-7432
-7434
-7437
-7439
-7441
-7444
-7446
-7448
-7450
-7453
-7455
-7457
-7459
-7461
-7464
-7466
-7468
-7470
-7472
-7474
-7476
-7478
-7481
-7483
-7485
-7487
-7489
-7491
-7493
-7495
-7497
-7499
-7501
-7503
-7505
-7507
-7509
-7510
-7512
-7514
-7516
-7518
-7520
-7522
-7524
-7525
-7527
-7529
-7531
-7533
-7534
-7536
-7538
-7540
-7541
-7543
-7545
-7546
-7548
-7550
-7551
-7553
-7555
-7556
-7558
-7560
-7561
-7563
-7564
-7566
-7567
-7569
-7570
-7572
-7574
-7575
-7576
-7578
-7579
-7581
-7582
-7584
-7585
-7587
-7588
-7589
-7591
-7592
-7593
-7595
-7596
-7597
-7599
-7600
-7601
-7603
-7604
-7605
-7606
-7608
-7609
-7610
-7611
-7612
-7614
-7615
-7616
-7617
-7618
-7619
-7621
-7622
-7623
-7624
-7625
-7626
-7627
-7628
-7629
-7630
-7631
-7632
-7633
-7634
-7635
-7636
-7637
-7638
-7639
-7640
-7641
-7642
-7643
-7643
-7644
-7645
-7646
-7647
-7648
-7648
-7649
-7650
-7651
-7652
-7652
-7653
-7654
-7655
-7655
-7656
-7657
-7658
-7658
-7659
-7660
-7660
-7661
-7661
-7662
-7663
-7663
-7664
-7664
-7665
-7666
-7666
-7667
-7667
-7668
-7668
-7669
-7669
-7670
-7670
-7671
-7671
-7672
-7672
-7672
-7673
-7673
-7674
-7674
-7674
-7675
-7675
-7676
-7676
-7676
-7677
-7677
-7677
-7677
-7678
-7678
-7678
-7678
-7679
-7679
-7679
-7679
-7680
-7680
-7680
-7680
-7680
-7680
-7681
-7681
-7681
-7681
-7681
-7681
-7681
-7681
-7681
-7681
-7681
-7682
-7682
-7682
-7682
-7682
-7682
-7682
-7682
-7681
-7681
-7681
-7681
-7681
-7681
-7681
-7681
-7681
-7681
-7681
-7680
-7680
-7680
-7680
-7680
-7680
-7679
-7679
-7679
-7679
-7679
-7678
-7678
-7678
-7678
-7677
-7677
-7677
-7676
-7676
-7676
-7675
-7675
-7675
-7674
-7674
-7674
-7673
-7673
-7672
-7672
-7672
-7671
-7671
-7670
-7670
-7669
-7669
-7668
-7668
-7667
-7667
-7666
-7666
-7665
-7665
-7664
-7664
-7663
-7662
-7662
-7661
-7661
-7660
-7659
-7659
-7658
-7657
-7657
-7656
-7655
-7655
-7654
-7653
-7653
-7652
-7651
-7650
-7650
-7649
-7648
-7647
-7647
-7646
-7645
-7644
-7643
-7643
-7642
-7641
-7640
-7639
-7638
-7637
-7637
-7636
-7635
-7634
-7633
-7632
-7631
-7630
-7629
-7628
-7627
-7626
-7625
-7624
-7623
-7622
-7621
-7620
-7619
-7618
-7617
-7616
-7615
-7614
-7613
-7612
-7611
-7609
-7608
-7607
-7606
-7605
-7604
-7603
-7601
-7600
-7599
-7598
-7597
-7595
-7594
-7593
-7592
-7591
-7589
-7588
-7587
-7586
-7584
-7583
-7582
-7580
-7579
-7578
-7576
-7575
-7574
-7572
-7571
-7570
-7568
-7567
-7566
-7564
-7563
-7561
-7560
-7558
-7557
-7556
-7554
-7553
-7551
-7550
-7548
-7547
-7545
-7544
-7542
-7541
-7539
-7538
-7536
-7535
-7533
-7531
-7530
-7528
-7527
-7525
-7523
-7522
-7520
-7519
-7517
-7515
-7514
-7512
-7510
-7509
-7507
-7505
-7504
-7502
-7500
-7498
-7497
-7495
-7493
-7492
-7490
-7488
-7486
-7484
-7483
-7481
-7479
-7477
-7475
-7474
-7472
-7470
-7468
-7466
-7464
-7463
-7461
-7459
-7457
-7455
-7453
-7451
-7449
-7447
-7446
-7444
-7442
-7440
-7438
-7436
-7434
-7432
-7430
-7428
-7426
-7424
-7422
-7420
-7418
-7416
-7414
-7412
-7410
-7408
-7405
-7403
-7401
-7399
-7397
-7395
-7393
-7391
-7389
-7387
-7384
-7382
-7380
-7378
-7376
-7374
-7371
-7369
-7367
-7365
-7363
-7360
-7358
-7356
-7354
-7352
-7349
-7347
-7345
-7343
-7340
-7338
-7336
-7333
-7331
-7329
-7327
-7324
-7322
-7320
-7317
-7315
-7313
-7310
-7308
-7305
-7303
-7301
-7298
-7296
-7294
-7291
-7289
-7286
-7284
-7281
-7279
-7277
-7274
-7272
-7269
-7267
-7264
-7262
-7259
-7257
-7254
-7252
-7249
-7247
-7244
-7242
-7239
-7237
-7234
-7231
-7229
-7226
-7224
-7221
-7219
-7216
-7213
-7211
-7208
-7206
-7203
-7200
-7198
-7195
-7192
-7190
-7187
-7184
-7182
-7179
-7176
-7174
-7171
-7168
-7166
-7163
-7160
-7157
-7155
-7152
-7149
-7146
-7144
-7141
-7138
-7135
-7133
-7130
-7127
-7124
-7121
-7119
-7116
-7113
-7110
-7107
-7105
-7102
-7099
-7096
-7093
-7090
-7087
-7085
-7082
-7079
-7076
-7073
-7070
-7067
-7064
-7061
-7058
-7056
-7053
-7050
-7047
-7044
-7041
-7038
-7035
-7032
-7029
-7026
-7023
-7020
-7017
-7014
-7011
-7008
-7005
-7002
-6999
-6996
-6993
-6990
-6987
-6984
-6980
-6977
-6974
-6971
-6968
-6965
-6962
-6959
-6956
-6953
-6950
-6946
-6943
-6940
-6937
-6934
-6931
-6928
-6924
-6921
-6918
-6915
-6912
-6909
-6905
-6902
-6899
-6896
-6893
-6889
-6886
-6883
-6880
-6876
-6873
-6870
-6867
-6863
-6860
-6857
-6854
-6850
-6847
-6844
-6841
-6837
-6834
-6831
-6827
-6824
-6821
-6817
-6814
-6811
-6807
-6804
-6801
-6797
-6794
-6791
-6787
-6784
-6781
-6777
-6774
-6770
-6767
-6764
-6760
-6757
-6753
-6750
-6747
-6743
-6740
-6736
-6733
-6729
-6726
-6723
-6719
-6716
-6712
-6709
-6705
-6702
-6698
-6695
-6691
-6688
-6684
-6681
-6677
-6674
-6670
-6667
-6663
-6660
-6656
-6653
-6649
-6645
-6642
-6638
-6635
-6631
-6628
-6624
-6621
-6617
-6613
-6610
-6606
-6603
-6599
-6595
-6592
-6588
-6585
-6581
-6577
-6574
-6570
-6566
-6563
-6559
-6555
-6552
-6548
-6544
-6541
-6537
-6533
-6530
-6526
-6522
-6519
-6515
-6511
-6508
-6504
-6500
-6496
-6493
-6489
-6485
-6481
-6478
-6474
-6470
-6467
-6463
-6459
-6455
-6451
-6448
-6444
-6440
-6436
-6433
-6429
-6425
-6421
-6417
-6414
-6410
-6406
-6402
-6398
-6395
-6391
-6387
-6383
-6379
-6375
-6372
-6368
-6364
-6360
-6356
-6352
-6348
-6345
-6341
-6337
-6333
-6329
-6325
-6321
-6317
-6314
-6310
-6306
-6302
-6298
-6294
-6290
-6286
-6282
-6278
-6274
-6270
-6267
-6263
-6259
-6255
-6251
-6247
-6243
-6239
-6235
-6231
-6227
-6223
-6219
-6215
-6211
-6207
-6203
-6199
-6195
-6191
-6187
-6183
-6179
-6175
-6171
-6167
-6163
-6159
-6155
-6151
-6147
-6143
-6139
-6135
-6131
-6127
-6123
-6119
-6115
-6111
-6106
-6102
-6098
-6094
-6090
-6086
-6082
-6078
-6074
-6070
-6066
-6062
-6057
-6053
-6049
-6045
-6041
-6037
-6033
-6029
-6025
-6020
-6016
-6012
-6008
-6004
-6000
-5996
-5991
-5987
-5983
-5979
-5975
-5971
-5967
-5962
-5958
-5954
-5950
-5946
-5942
-5937
-5933
-5929
-5925
-5921
-5916
-5912
-5908
-5904
-5900
-5895
-5891
-5887
-5883
-5879
-5874
-5870
-5866
-5862
-5857
-5853
-5849
-5845
-5841
-5836
-5832
-5828
-5824
-5819
-5815
-5811
-5807
-5802
-5798
-5794
-5789
-5785
-5781
-5777
-5772
-5768
-5764
-5760
-5755
-5751
-5747
-5742
-5738
-5734
-5729
-5725
-5721
-5717
-5712
-5708
-5704
-5699
-5695
-5691
-5686
-5682
-5678
-5673
-5669
-5665
-5660
-5656
-5652
-5647
-5643
-5639
-5634
-5630
-5626
-5621
-5617
-5613
-5608
-5604
-5599
-5595
-5591
-5586
-5582
-5578
-5573
-5569
-5565
-5560
-5556
-5551
-5547
-5543
-5538
-5534
-5529
-5525
-5521
-5516
-5512
-5507
-5503
-5499
-5494
-5490
-5485
-5481
-5477
-5472
-5468
-5463
-5459
-5454
-5450
-5446
-5441
-5437
-5432
-5428
-5423
-5419
-5415
-5410
-5406
-5401
-5397
-5392
-5388
-5383
-5379
-5375
-5370
-5366
-5361
-5357
-5352
-5348
-5343
-5339
-5334
-5330
-5325
-5321
-5316
-5312
-5308
-5303
-5299
-5294
-5290
-5285
-5281
-5276
-5272
-5267
-5263
-5258
-5254
-5249
-5245
-5240
-5236
-5231
-5227
-5222
-5218
-5213
-5209
-5204
-5200
-5195
-5191
-5186
-5182
-5177
-5173
-5168
-5163
-5159
-5154
-5150
-5145
-5141
-5136
-5132
-5127
-5123
-5118
-5114
-5109
-5105
-5100
-5096
-5091
-5086
-5082
-5077
-5073
-5068
-5064
-5059
-5055
-5050
-5046
-5041
-5036
-5032
-5027
-5023
-5018
-5014
-5009
-5005
-5000
-4995
-4991
-4986
-4982
-4977
-4973
-4968
-4964
-4959
-4954
-4950
-4945
-4941
-4936
-4932
-4927
-4922
-4918
-4913
-4909
-4904
-4900
-4895
-4890
-4886
-4881
-4877
-4872
-4867
-4863
-4858
-4854
-4849
-4845
-4840
-4835
-4831
-4826
-4822
-4817
-4812
-4808
-4803
-4799
-4794
-4789
-4785
-4780
-4776
-4771
-4766
-4762
-4757
-4753
-4748
-4743
-4739
-4734
-4730
-4725
-4720
-4716
-4711
-4707
-4702
-4697
-4693
-4688
-4684
-4679
-4674
-4670
-4665
-4661
-4656
-4651
-4647
-4642
-4637
-4633
-4628
-4624
-4619
-4614
-4610
-4605
-4601
-4596
-4591
-4587
-4582
-4578
-4573
-4568
-4564
-4559
-4554
-4550
-4545
-4541
-4536
-4531
-4527
-4522
-4517
-4513
-4508
-4504
-4499
-4494
-4490
-4485
-4481
-4476
-4471
-4467
-4462
-4457
-4453
-4448
-4444
-4439
-4434
-4430
-4425
-4420
-4416
-4411
-4407
-4402
-4397
-4393
-4388
-4383
-4379
-4374
-4370
-4365
-4360
-4356
-4351
-4347
-4342
-4337
-4333
-4328
-4323
-4319
-4314
-4310
-4305
-4300
-4296
-4291
-4286
-4282
-4277
-4273
-4268
-4263
-4259
-4254
-4249
-4245
-4240
-4236
-4231
-4226
-4222
-4217
-4213
-4208
-4203
-4199
-4194
-4189
-4185
-4180
-4176
-4171
-4166
-4162
-4157
-4153
-4148
-4143
-4139
-4134
-4129
-4125
-4120
-4116
-4111
-4106
-4102
-4097
-4093
-4088
-4083
-4079
-4074
-4070
-4065
-4060
-4056
-4051
-4047
-4042
-4037
-4033
-4028
-4023
-4019
-4014
-4010
-4005
-4000
-3996
-3991
-3987
-3982
-3977
-3973
-3968
-3964
-3959
-3955
-3950
-3945
-3941
-3936
-3932
-3927
-3922
-3918
-3913
-3909
-3904
-3899
-3895
-3890
-3886
-3881
-3876
-3872
-3867
-3863
-3858
-3854
-3849
-3844
-3840
-3835
-3831
-3826
-3822
-3817
-3812
-3808
-3803
-3799
-3794
-3790
-3785
-3780
-3776
-3771
-3767
-3762
-3758
-3753
-3748
-3744
-3739
-3735
-3730
-3726
-3721
-3716
-3712
-3707
-3703
-3698
-3694
-3689
-3685
-3680
-3676
-3671
-3666
-3662
-3657
-3653
-3648
-3644
-3639
-3635
-3630
-3626
-3621
-3616
-3612
-3607
-3603
-3598
-3594
-3589
-3585
-3580
-3576
-3571
-3567
-3562
-3558
-3553
-3549
-3544
-3539
-3535
-3530
-3526
-3521
-3517
-3512
-3508
-3503
-3499
-3494
-3490
-3485
-3481
-3476
-3472
-3467
-3463
-3458
-3454
-3449
-3445
-3440
-3436
-3431
-3427
-3422
-3418
-3413
-3409
-3404
-3400
-3395
-3391
-3387
-3382
-3378
-3373
-3369
-3364
-3360
-3355
-3351
-3346
-3342
-3337
-3333
-3328
-3324
-3319
-3315
-3311
-3306
-3302
-3297
-3293
-3288
-3284
-3279
-3275
-3270
-3266
-3262
-3257
-3253
-3248
-3244
-3239
-3235
-3231
-3226
-3222
-3217
-3213
-3208
-3204
-3200
-3195
-3191
-3186
-3182
-3177
-3173
-3169
-3164
-3160
-3155
-3151
-3147
-3142
-3138
-3133
-3129
-3125
-3120
-3116
-3111
-3107
-3103
-3098
-3094
-3089
-3085
-3081
-3076
-3072
-3068
-3063
-3059
-3054
-3050
-3046
-3041
-3037
-3033
-3028
-3024
-3020
-3015
-3011
-3006
-3002
-2998
-2993
-2989
-2985
-2980
-2976
-2972
-2967
-2963
-2959
-2954
-2950
-2946
-2941
-2937
-2933
-2928
-2924
-2920
-2915
-2911
-2907
-2903
-2898
-2894
-2890
-2885
-2881
-2877
-2872
-2868
-2864
-2859
-2855
-2851
-2847
-2842
-2838
-2834
-2829
-2825
-2821
-2817
-2812
-2808
-2804
-2800
-2795
-2791
-2787
-2782
-2778
-2774
-2770
-2765
-2761
-2757
-2753
-2748
-2744
-2740
-2736
-2732
-2727
-2723
-2719
-2715
-2710
-2706
-2702
-2698
-2693
-2689
-2685
-2681
-2677
-2672
-2668
-2664
-2660
-2656
-2651
-2647
-2643
-2639
-2635
-2630
-2626
-2622
-2618
-2614
-2609
-2605
-2601
-2597
-2593
-2589
-2584
-2580
-2576
-2572
-2568
-2564
-2559
-2555
-2551
-2547
-2543
-2539
-2535
-2530
-2526
-2522
-2518
-2514
-2510
-2506
-2501
-2497
-2493
-2489
-2485
-2481
-2477
-2473
-2469
-2464
-2460
-2456
-2452
-2448
-2444
-2440
-2436
-2432
-2428
-2424
-2419
-2415
-2411
-2407
-2403
-2399
-2395
-2391
-2387
-2383
-2379
-2375
-2371
-2367
-2362
-2358
-2354
-2350
-2346
-2342
-2338
-2334
-2330
-2326
-2322
-2318
-2314
-2310
-2306
-2302
-2298
-2294
-2290
-2286
-2282
-2278
-2274
-2270
-2266
-2262
-2258
-2254
-2250
-2246
-2242
-2238
-2234
-2230
-2226
-2222
-2218
-2214
-2210
-2206
-2202
-2198
-2194
-2190
-2187
-2183
-2179
-2175
-2171
-2167
-2163
-2159
-2155
-2151
-2147
-2143
-2139
-2135
-2131
-2128
-2124
-2120
-2116
-2112
-2108
-2104
-2100
-2096
-2092
-2089
-2085
-2081
-2077
-2073
-2069
-2065
-2061
-2058
-2054
-2050
-2046
-2042
-2038
-2034
-2031
-2027
-2023
-2019
-2015
-2011
-2008
-2004
-2000
-1996
-1992
-1988
-1985
-1981
-1977
-1973
-1969
-1966
-1962
-1958
-1954
-1950
-1947
-1943
-1939
-1935
-1931
-1928
-1924
-1920
-1916
-1912
-1909
-1905
-1901
-1897
-1894
-1890
-1886
-1882
-1879
-1875
-1871
-1867
-1864
-1860
-1856
-1852
-1849
-1845
-1841
-1838
-1834
-1830
-1826
-1823
-1819
-1815
-1812
-1808
-1804
-1801
-1797
-1793
-1790
-1786
-1782
-1778
-1775
-1771
-1767
-1764
-1760
-1756
-1753
-1749
-1746
-1742
-1738
-1735
-1731
-1727
-1724
-1720
-1716
-1713
-1709
-1706
-1702
-1698
-1695
-1691
-1687
-1684
-1680
-1677
-1673
-1669
-1666
-1662
-1659
-1655
-1652
-1648
-1644
-1641
-1637
-1634
-1630
-1627
-1623
-1619
-1616
-1612
-1609
-1605
-1602
-1598
-1595
-1591
-1588
-1584
-1580
-1577
-1573
-1570
-1566
-1563
-1559
-1556
-1552
-1549
-1545
-1542
-1538
-1535
-1531
-1528
-1524
-1521
-1518
-1514
-1511
-1507
-1504
-1500
-1497
-1493
-1490
-1486
-1483
-1480
-1476
-1473
-1469
-1466
-1462
-1459
-1455
-1452
-1449
-1445
-1442
-1438
-1435
-1432
-1428
-1425
-1421
-1418
-1415
-1411
-1408
-1404
-1401
-1398
-1394
-1391
-1388
-1384
-1381
-1378
-1374
-1371
-1368
-1364
-1361
-1357
-1354
-1351
-1347
-1344
-1341
-1338
-1334
-1331
-1328
-1324
-1321
-1318
-1314
-1311
-1308
-1304
-1301
-1298
-1295
-1291
-1288
-1285
-1282
-1278
-1275
-1272
-1268
-1265
-1262
-1259
-1255
-1252
-1249
-1246
-1242
-1239
-1236
-1233
-1230
-1226
-1223
-1220
-1217
-1213
-1210
-1207
-1204
-1201
-1197
-1194
-1191
-1188
-1185
-1182
-1178
-1175
-1172
-1169
-1166
-1163
-1159
-1156
-1153
-1150
-1147
-1144
-1141
-1137
-1134
-1131
-1128
-1125
-1122
-1119
-1116
-1112
-1109
-1106
-1103
-1100
-1097
-1094
-1091
-1088
-1085
-1081
-1078
-1075
-1072
-1069
-1066
-1063
-1060
-1057
-1054
-1051
-1048
-1045
-1042
-1039
-1036
-1033
-1029
-1026
-1023
-1020
-1017
-1014
-1011
-1008
-1005
-1002
-999
-996
-993
-990
-987
-984
-981
-978
-975
-972
-970
-967
-964
-961
-958
-955
-952
-949
-946
-943
-940
-937
-934
-931
-928
-925
-922
-919
-917
-914
-911
-908
-905
-902
-899
-896
-893
-890
-888
-885
-882
-879
-876
-873
-870
-868
-865
-862
-859
-856
-853
-850
-848
-845
-842
-839
-836
-833
-831
-828
-825
-822
-819
-817
-814
-811
-808
-805
-803
-800
-797
-794
-791
-789
-786
-783
-780
-778
-775
-772
-769
-767
-764
-761
-758
-756
-753
-750
-747
-745
-742
-739
-736
-734
-731
-728
-726
-723
-720
-718
-715
-712
-709
-707
-704
-701
-699
-696
-693
-691
-688
-685
-683
-680
-677
-675
-672
-670
-667
-664
-662
-659
-656
-654
-651
-649
-646
-643
-641
-638
-636
-633
-630
-628
-625
-623
-620
-617
-615
-612
-610
-607
-605
-602
-600
-597
-594
-592
-589
-587
-584
-582
-579
-577
-574
-572
-569
-567
-564
-562
-559
-557
-554
-552
-549
-547
-544
-542
-539
-537
-534
-532
-529
-527
-524
-522
-519
-517
-515
-512
-510
-507
-505
-502
-500
-497
-495
-493
-490
-488
-485
-483
-481
-478
-476
-473
-471
-469
-466
-464
-461
-459
-457
-454
-452
-450
-447
-445
-443
-440
-438
-435
-433
-431
-428
-426
-424
-421
-419
-417
-414
-412
-410
-408
-405
-403
-401
-398
-396
-394
-391
-389
-387
-385
-382
-380
-378
-376
-373
-371
-369
-367
-364
-362
-360
-358
-355
-353
-351
-349
-346
-344
-342
-340
-338
-335
-333
-331
-329
-327
-324
-322
-320
-318
-316
-313
-311
-309
-307
-305
-303
-300
-298
-296
-294
-292
-290
-288
-285
-283
-281
-279
-277
-275
-273
-271
-268
-266
-264
-262
-260
-258
-256
-254
-252
-250
-247
-245
-243
-241
-239
-237
-235
-233
-231
-229
-227
-225
-223
-221
-219
-217
-215
-213
-210
-208
-206
-204
-202
-200
-198
-196
-194
-192
-190
-188
-186
-184
-182
-180
-178
-176
-175
-173
-171
-169
-167
-165
-163
-161
-159
-157
-155
-153
-151
-149
-147
-145
-143
-141
-140
-138
-136
-134
-132
-130
-128
-126
-124
-122
-121
-119
-117
-115
-113
-111
-109
-107
-106
-104
-102
-100
-98
-96
-94
-93
-91
-89
-87
-85
-83
-82
-80
-78
-76
-74
-73
-71
-69
-67
-65
-64
-62
-60
-58
-56
-55
-53
-51
-49
-48
-46
-44
-42
-40
-39
-37
-35
-33
-32
-30
-28
-27
-25
-23
-21
-20
-18
-16
-15
-13
-11
-9
-8
-6
-4
-3
-1
1
2
4
6
7
9
11
12
14
16
17
19
21
22
24
26
27
29
31
32
34
35
37
39
40
42
43
45
47
48
50
51
53
55
56
58
59
61
63
64
66
67
69
70
72
73
75
77
78
80
81
83
84
86
87
89
90
92
93
95
96
98
99
101
102
104
105
107
108
110
111
113
114
116
117
119
120
122
123
125
126
127
129
130
132
133
135
136
137
139
140
142
143
145
146
147
149
150
152
153
154
156
157
159
160
161
163
164
165
167
168
170
171
172
174
175
176
178
179
180
182
183
184
186
187
188
190
191
192
194
195
196
198
199
200
201
203
204
205
207
208
209
210
212
213
214
216
217
218
219
221
222
223
224
226
227
228
229
231
232
233
234
235
237
238
239
240
241
243
244
245
246
247
249
250
251
252
253
255
256
257
258
259
260
262
263
264
265
266
267
269
270
271
272
273
274
275
277
278
279
280
281
282
283
284
285
287
288
289
290
291
292
293
294
295
296
297
299
300
301
302
303
304
305
306
307
308
309
310
311
312
313
314
315
316
317
318
320
321
322
323
324
325
326
327
328
329
330
331
332
333
334
335
336
337
338
338
339
340
341
342
343
344
345
346
347
348
349
350
351
352
353
354
355
356
357
357
358
359
360
361
362
363
364
365
366
367
367
368
369
370
371
372
373
374
375
375
376
377
378
379
380
381
381
382
383
384
385
386
387
387
388
389
390
391
392
392
393
394
395
396
396
397
398
399
400
401
401
402
403
404
404
405
406
407
408
408
409
410
411
411
412
413
414
415
415
416
417
418
418
419
420
421
421
422
423
423
424
425
426
426
427
428
429
429
430
431
431
432
433
433
434
435
436
436
437
438
438
439
440
440
441
442
442
443
444
444
445
446
446
447
448
448
449
449
450
451
451
452
453
453
454
455
455
456
456
457
458
458
459
459
460
461
461
462
462
463
464
464
465
465
466
467
467
468
468
469
469
470
471
471
472
472
473
473
474
474
475
476
476
477
477
478
478
479
479
480
480
481
481
482
482
483
483
484
484
485
486
486
487
487
488
488
488
489
489
490
490
491
491
492
492
493
493
494
494
495
495
496
496
497
497
497
498
498
499
499
500
500
501
501
501
502
502
503
503
504
504
504
505
505
506
506
506
507
507
508
508
508
509
509
510
510
510
511
511
512
512
512
513
513
513
514
514
515
515
515
516
516
516
517
517
517
518
518
518
519
519
520
520
520
521
521
521
522
522
522
522
523
523
523
524
524
524
525
525
525
526
526
526
526
527
527
527
528
528
528
529
529
529
529
530
530
530
530
531
531
531
532
532
532
532
533
533
533
533
534
534
534
534
535
535
535
535
535
536
536
536
536
537
537
537
537
538
538
538
538
538
539
539
539
539
539
540
540
540
540
540
541
541
541
541
541
542
542
542
542
542
542
543
543
543
543
543
543
544
544
544
544
544
544
545
545
545
545
545
545
545
546
546
546
546
546
546
546
546
547
547
547
547
547
547
547
547
548
548
548
548
548
548
548
548
548
549
549
549
549
549
549
549
549
549
549
549
550
550
550
550
550
550
550
550
550
550
550
550
550
550
550
551
551
551
551
551
551
551
551
551
551
551
551
551
551
551
551
551
551
551
551
551
551
551
551
551
551
552
552
552
552
552
552
552
552
552
552
552
552
552
552
552
552
552
552
552
552
552
552
552
552
552
551
551
551
551
551
551
551
551
551
551
551
551
551
551
551
551
551
551
551
551
551
551
551
551
551
551
551
550
550
550
550
550
550
550
550
550
550
550
550
550
550
550
549
549
549
549
549
549
549
549
549
549
549
549
548
548
548
548
548
548
548
548
548
548
547
547
547
547
547
547
547
547
547
546
546
546
546
546
546
546
546
545
545
545
545
545
545
545
544
544
544
544
544
544
544
544
543
543
543
543
543
543
542
542
542
542
542
542
542
541
541
541
541
541
541
540
540
540
540
540
540
539
539
539
539
539
538
538
538
538
538
538
537
537
537
537
537
536
536
536
536
536
535
535
535
535
535
534
534
534
534
534
533
533
533
533
532
532
532
532
532
531
531
531
531
531
530
530
530
530
529
529
529
529
528
528
528
528
528
527
527
527
527
526
526
526
526
525
525
525
525
524
524
524
524
523
523
523
523
522
522
522
522
521
521
521
520
520
520
520
519
519
519
519
518
518
518
517
517
517
517
516
516
516
516
515
515
515
514
514
514
514
513
513
513
512
512
512
511
511
511
511
510
510
510
509
509
509
509
508
508
508
507
507
507
506
506
506
505
505
505
504
504
504
504
503
503
503
502
502
502
501
501
501
500
500
500
499
499
499
498
498
498
497
497
497
496
496
496
495
495
495
494
494
494
493
493
493
492
492
492
491
491
491
490
490
489
489
489
488
488
488
487
487
487
486
486
486
485
485
485
484
484
483
483
483
482
482
482
481
481
481
480
480
479
479
479
478
478
478
477
477
476
476
476
475
475
475
474
474
473
473
473
472
472
471
471
471
470
470
470
469
469
468
468
468
467
467
466
466
466
465
465
464
464
464
463
463
462
462
462
461
461
460
460
460
459
459
458
458
458
457
457
456
456
456
455
455
454
454
454
453
453
452
452
452
451
451
450
450
449
449
449
448
448
447
447
447
446
446
445
445
444
444
444
443
443
442
442
441
441
441
440
440
439
439
438
438
438
437
437
436
436
435
435
435
434
434
433
433
432
432
432
431
431
430
430
429
429
428
428
428
427
427
426
426
425
425
424
424
424
423
423
422
422
421
421
420
420
420
419
419
418
418
417
417
416
416
416
415
415
414
414
413
413
412
412
411
411
411
410
410
409
409
408
408
407
407
406
406
406
405
405
404
404
403
403
402
402
401
401
400
400
400
399
399
398
398
397
397
396
396
395
395
394
394
393
393
393
392
392
391
391
390
390
389
389
388
388
387
387
386
386
385
385
385
384
384
383
383
382
382
381
381
380
380
379
379
378
378
377
377
376
376
376
375
375
374
374
373
373
372
372
371
371
370
370
369
369
368
368
367
367
366
366
365
365
364
364
364
363
363
362
362
